427	139	9	11
427	138	9	10
427	139	9	10
427	138	9	10
427	139	8	10
427	139	9	10
427	138	8	10
427	138	8	10
427	139	8	10
427	138	8	10
426	139	10	10
426	138	10	11
426	139	10	12
426	138	9	14
426	139	10	13
426	138	9	11
425	138	9	10
425	139	10	10
425	138	10	10
425	138	9	10
425	139	10	10
425	138	10	10
425	139	10	10
425	138	10	10
425	139	10	10
425	138	10	10
425	139	10	10
424	139	10	10
424	139	10	10
425	139	10	10
424	139	10	10
425	139	10	10
424	139	10	10
424	138	10	10
424	139	10	10
424	138	10	10
423	139	10	10
424	138	10	10
423	139	10	10
423	138	10	10
423	139	10	10
423	139	10	10
423	138	10	10
423	139	10	10
423	138	10	10
423	139	10	10
423	138	10	10
423	138	10	10
423	138	10	10
423	138	10	10
423	138	10	10
423	138	10	11
423	138	10	11
423	138	10	11
422	138	11	11
423	138	10	11
422	139	11	11
422	139	11	11
422	139	11	11
422	138	11	11
422	138	11	11
422	138	11	11
422	138	11	11
422	139	11	11
421	139	11	11
422	138	11	10
422	139	11	11
422	139	11	11
421	138	11	11
421	138	11	11
422	138	11	11
421	138	11	11
422	138	11	11
421	138	11	12
421	138	11	11
421	139	11	11
422	138	11	11
421	138	11	11
421	139	11	12
421	138	11	12
421	139	11	12
421	139	11	12
421	139	11	12
422	139	10	12
422	140	11	12
420	140	11	13
421	140	11	12
420	140	12	13
419	140	12	13
420	140	11	13
419	140	12	13
420	141	12	12
419	140	12	13
420	140	10	11
419	140	12	13
420	140	11	13
420	141	12	13
419	140	12	13
419	139	12	13
420	140	12	13
419	141	12	13
419	141	12	12
419	141	12	12
418	140	12	13
418	140	13	13
418	140	12	13
418	140	12	13
417	140	13	13
418	141	12	13
417	140	13	13
418	140	12	13
418	141	12	13
417	140	13	13
417	141	13	13
417	140	13	13
416	141	13	13
416	141	12	13
416	141	13	13
416	141	14	13
413	141	16	13
414	141	14	13
415	141	13	12
415	142	14	12
414	141	14	12
415	142	13	12
415	141	13	12
415	143	13	11
414	144	14	10
413	143	15	11
412	143	16	11
413	141	15	13
414	141	13	12
414	142	13	12
413	141	13	12
413	142	13	12
414	141	13	12
414	141	13	13
413	140	13	12
413	140	13	12
413	140	13	13
413	140	13	12
412	139	13	13
412	139	13	13
412	139	13	13
412	139	14	13
412	139	14	13
411	139	14	13
411	139	14	14
411	139	14	14
411	139	14	14
410	139	14	14
410	139	14	13
410	139	14	14
410	139	14	14
410	139	14	14
410	139	14	14
410	139	14	14
410	139	15	14
410	139	14	13
409	138	15	14
410	139	15	14
410	139	15	14
409	139	15	15
409	139	15	14
409	139	15	15
409	139	15	15
409	139	15	14
409	139	15	15
409	139	15	14
408	139	15	15
409	139	15	15
408	139	15	14
408	139	15	15
408	139	15	14
408	139	15	15
408	139	15	15
408	138	15	14
408	139	15	15
407	139	15	15
408	139	15	15
408	139	15	15
407	138	15	15
407	138	16	15
408	138	15	15
407	138	16	16
407	138	16	16
407	139	16	16
406	139	16	15
407	139	16	16
406	139	16	16
405	138	16	16
406	138	16	16
406	138	16	16
405	139	16	16
405	139	16	16
404	139	16	16
404	138	17	16
405	138	17	16
404	138	17	17
404	138	17	17
404	138	17	17
403	138	17	16
403	138	17	18
403	138	17	16
403	137	17	17
403	138	17	18
402	138	18	17
402	138	17	17
402	138	18	18
402	137	18	18
402	138	18	18
401	137	19	18
402	137	18	18
401	137	19	19
401	138	18	18
400	138	19	18
401	138	19	19
400	138	20	19
400	138	20	19
399	137	20	19
399	137	20	19
399	137	20	20
399	137	21	19
398	137	19	19
398	137	20	20
399	137	21	20
397	137	19	20
397	137	22	20
397	136	20	20
397	137	20	20
397	137	22	20
396	137	23	21
396	137	20	21
395	136	25	21
396	137	21	21
395	137	24	21
394	137	25	21
395	137	20	21
395	137	22	21
393	137	21	21
394	136	22	21
393	137	25	22
393	136	21	22
392	137	22	22
392	137	25	22
392	137	21	22
392	137	23	22
391	136	22	22
390	136	24	22
390	137	22	22
390	137	22	22
389	136	24	22
389	136	23	23
388	136	23	23
388	136	24	23
387	137	24	23
387	136	23	23
387	136	24	23
386	136	24	23
385	136	24	23
385	136	24	23
385	136	24	23
384	136	24	24
384	136	25	24
383	136	25	24
383	136	25	24
382	136	25	25
382	135	25	25
381	135	26	25
381	136	27	25
380	135	26	25
379	136	26	25
379	135	26	26
378	135	26	26
377	135	27	26
376	135	27	26
376	135	27	27
376	135	27	27
375	134	28	27
374	135	28	27
374	135	28	28
373	134	27	28
373	135	28	28
372	134	29	28
371	135	29	28
371	134	29	29
370	134	30	29
370	134	29	29
368	134	30	29
368	135	30	29
367	134	31	30
367	134	31	30
366	135	31	30
365	134	32	30
364	134	32	30
363	133	33	31
362	134	33	31
362	133	32	31
361	133	33	32
359	134	33	32
358	132	34	32
357	133	34	32
356	132	35	33
355	132	35	33
354	132	35	34
353	132	36	34
353	133	37	34
352	132	37	35
350	132	37	35
349	131	38	36
348	133	38	36
347	131	39	36
339	132	41	38
338	131	42	38
336	132	42	38
328	131	46	40
326	131	46	41
325	130	47	41
323	131	48	42
322	130	49	43
315	129	51	44
314	130	51	45
311	128	52	45
304	128	55	48
302	128	55	48
300	128	56	49
293	127	60	52
291	127	61	52
283	125	63	54
281	124	64	55
278	124	66	56
271	123	69	59
267	123	71	59
263	123	73	60
254	122	77	63
250	122	79	64
246	121	79	65
237	120	83	68
232	120	86	69
217	118	93	72
213	117	94	75
207	117	97	77
194	116	101	79
188	116	106	81
181	116	109	83
167	114	116	88
157	113	122	90
147	112	125	94
138	111	130	96
129	111	134	99
111	110	143	100
100	109	149	106
89	107	154	109
68	107	165	115
54	105	172	120
