415	60	87	211
411	61	87	208
408	60	87	208
404	61	87	206
402	61	85	207
400	62	84	206
398	62	82	205
395	62	81	205
394	64	80	204
392	65	79	204
392	66	78	202
391	67	77	200
390	68	76	199
390	68	74	197
389	69	72	189
389	70	71	180
390	69	70	178
389	71	69	179
391	71	66	180
391	70	65	180
392	71	64	183
392	71	64	183
393	72	63	183
394	71	62	190
395	72	61	191
396	74	60	180
397	73	58	185
398	74	58	176
399	76	57	174
400	75	57	162
402	74	55	160
403	74	55	175
404	75	55	174
404	75	55	170
405	77	54	158
406	76	54	167
406	76	53	168
406	77	53	165
406	78	52	164
407	80	52	158
407	80	51	156
406	79	51	158
406	80	51	151
406	80	50	154
406	80	50	149
406	81	49	142
405	80	49	137
405	81	48	133
403	81	48	138
402	82	48	139
401	82	48	137
399	83	47	136
398	83	46	123
397	84	47	121
395	84	45	121
391	85	46	123
390	84	47	122
389	84	43	125
387	85	43	124
384	85	43	123
383	85	42	122
380	86	43	124
378	85	42	124
375	86	42	122
371	86	44	121
369	87	41	119
367	87	42	117
365	87	41	113
362	86	41	112
360	86	40	113
358	86	40	108
354	86	41	104
353	87	40	107
349	88	40	103
349	88	39	102
345	87	40	102
344	88	38	98
342	88	38	98
340	87	38	98
338	88	38	98
336	89	38	98
334	88	38	100
332	90	37	100
330	91	38	100
328	91	39	101
326	92	39	101
325	91	38	104
323	90	39	105
323	89	38	103
321	91	37	105
320	91	37	101
320	91	36	99
319	91	35	95
318	92	35	92
317	91	35	90
316	92	36	89
317	93	33	86
315	94	35	83
314	91	34	88
314	92	34	94
313	92	33	91
312	92	32	90
312	94	33	92
312	94	33	95
312	93	30	92
311	94	32	94
312	95	31	84
311	94	30	82
311	95	31	83
310	95	30	84
309	95	31	85
310	95	30	91
308	94	31	93
308	95	31	91
308	94	31	92
308	95	29	90
307	94	30	91
307	94	30	89
306	95	30	89
306	95	30	88
306	96	30	79
306	94	29	84
306	96	29	82
305	94	29	86
304	97	29	84
304	94	29	87
303	95	28	85
304	94	28	86
304	98	27	80
304	96	27	76
303	99	28	70
303	99	27	73
303	96	27	74
303	100	27	71
302	98	27	75
302	99	27	76
303	98	26	80
303	98	27	79
303	97	26	79
303	100	26	74
303	99	26	74
303	99	25	71
303	100	26	68
303	101	25	67
303	100	25	67
304	100	25	70
304	98	23	71
303	99	25	73
303	98	25	76
304	99	25	75
303	99	25	74
304	101	25	72
303	99	23	72
303	100	25	70
304	101	24	63
304	101	25	64
305	101	23	65
305	98	24	71
304	100	25	71
305	100	24	71
304	101	25	69
304	102	25	69
305	100	25	70
306	101	25	68
306	101	23	67
307	101	22	68
307	99	23	69
306	102	22	65
307	101	23	68
308	100	23	68
307	101	21	66
307	101	22	67
308	101	21	66
308	102	22	66
308	101	22	66
308	102	22	65
308	101	21	65
308	102	22	64
309	102	22	64
309	100	21	65
310	101	21	64
311	102	21	63
311	102	21	64
310	102	21	63
312	102	21	63
311	101	22	63
312	101	21	63
313	102	21	63
313	103	20	59
314	102	19	54
314	103	20	53
314	103	20	55
314	103	19	52
315	102	19	59
315	103	19	52
316	102	19	57
316	103	19	50
315	103	20	55
316	102	20	59
316	104	20	54
316	104	19	52
316	103	20	55
316	104	19	55
316	104	18	54
316	103	20	56
315	103	19	58
315	103	19	55
315	103	18	55
314	103	19	56
314	103	19	55
314	105	17	54
314	103	19	57
313	104	18	53
312	105	19	52
311	105	18	53
311	105	18	48
311	105	19	45
310	105	19	45
309	104	18	48
307	106	18	46
307	105	19	46
306	106	18	46
305	106	17	45
303	105	18	48
302	104	18	52
302	105	18	50
300	105	18	50
299	105	19	52
298	104	18	52
297	106	18	50
294	105	19	52
293	105	18	52
293	104	18	53
291	104	17	53
290	106	18	50
288	106	18	48
288	105	17	47
286	105	18	52
286	105	18	47
284	105	18	48
282	106	18	45
281	106	19	42
280	106	18	42
278	107	18	44
278	106	18	45
277	107	18	41
276	107	17	42
274	108	18	41
273	106	18	44
272	107	17	43
271	106	18	44
270	107	17	45
269	107	17	47
269	107	17	47
267	107	18	45
266	106	18	45
264	107	18	42
263	107	18	41
263	107	17	40
262	107	17	41
262	108	17	40
261	107	17	39
260	108	17	36
259	108	16	36
259	107	16	35
258	107	16	37
258	107	16	37
257	107	15	36
256	108	16	35
256	107	15	36
255	107	15	37
254	107	16	38
254	106	15	38
254	107	15	39
253	107	15	39
253	108	16	38
253	107	15	39
252	108	16	39
252	108	15	40
251	107	15	38
251	108	15	38
250	109	15	38
251	108	15	38
251	108	14	37
251	109	15	39
251	108	15	39
251	108	15	38
250	107	15	38
251	108	15	37
250	109	15	37
251	108	14	34
251	108	14	39
251	109	14	35
251	108	15	36
251	109	15	37
250	107	15	37
251	108	15	35
252	109	15	34
252	109	14	36
252	109	14	34
253	109	14	34
253	109	14	36
255	108	13	34
254	108	13	36
255	109	14	34
255	109	15	36
256	108	14	36
256	108	14	37
256	108	14	35
257	108	13	36
258	108	13	32
258	108	13	36
258	109	13	35
259	108	13	34
259	109	13	34
259	109	14	33
259	108	14	34
260	109	14	35
259	108	14	35
260	109	14	35
261	109	14	34
260	109	14	35
261	110	14	33
261	109	14	33
262	109	14	34
261	109	15	33
262	109	14	34
262	109	14	36
262	108	14	36
263	108	14	35
263	108	14	36
263	108	14	34
264	108	13	35
264	109	14	35
263	108	14	32
264	109	13	32
262	109	14	32
263	109	13	32
264	109	14	32
263	110	14	32
264	109	13	33
264	109	13	32
265	109	13	32
264	109	14	31
265	109	13	32
266	110	12	32
264	109	13	32
265	109	13	33
265	108	13	34
265	108	13	34
265	109	13	30
265	108	12	34
265	109	13	30
266	109	12	30
266	110	12	29
266	110	12	31
266	109	12	32
265	109	13	33
266	109	13	33
265	109	13	34
266	109	13	32
265	110	14	29
267	109	13	33
267	109	12	31
267	109	12	31
267	109	12	32
268	109	12	31
268	108	12	32
267	110	12	28
267	110	12	29
268	109	13	33
268	108	13	33
268	109	12	33
268	109	13	31
268	109	12	31
268	110	12	31
268	109	13	31
268	110	13	29
268	109	13	30
269	110	13	31
268	109	12	31
269	109	12	31
269	109	13	31
269	109	12	31
268	108	13	30
269	110	12	30
269	109	12	30
269	109	11	29
269	109	12	29
270	109	11	29
269	110	12	31
270	110	12	30
270	110	11	29
269	110	12	29
269	109	12	28
269	110	12	28
269	110	12	28
269	110	12	28
269	111	12	27
269	109	12	29
269	110	12	30
269	109	12	30
269	110	11	29
269	110	12	30
268	109	12	30
268	110	12	28
269	110	11	27
269	110	12	27
269	110	11	28
269	110	12	27
269	109	12	28
268	110	12	27
268	110	12	27
269	110	11	30
269	110	11	26
268	110	11	27
268	111	12	27
268	110	11	26
268	110	11	27
268	110	11	27
268	110	11	28
267	110	12	28
268	110	11	29
267	110	11	27
267	110	11	27
266	110	11	27
267	110	11	27
267	110	11	27
267	110	11	26
267	111	11	25
266	110	11	26
266	110	11	26
266	110	11	28
267	110	12	27
266	110	11	28
267	109	11	26
266	110	11	26
266	110	11	24
266	110	10	26
266	110	11	26
265	110	11	26
265	110	11	26
264	110	11	26
265	110	11	26
265	110	11	26
264	110	12	26
263	109	13	26
265	110	11	25
265	110	11	25
264	111	11	25
263	110	12	25
264	110	11	26
263	110	12	25
263	110	11	25
263	110	12	25
264	110	11	25
263	110	11	25
262	110	11	26
264	111	10	25
264	111	11	25
263	110	11	25
263	111	10	25
262	110	11	25
263	110	10	25
263	110	10	25
262	110	11	26
262	110	11	25
262	111	10	26
262	110	10	25
262	110	11	26
262	110	11	25
262	110	10	25
262	110	10	24
262	111	10	24
262	110	10	24
261	110	11	25
262	110	10	24
261	110	10	24
261	111	10	24
262	111	10	24
261	111	11	24
260	110	12	24
261	110	10	24
261	111	10	23
260	111	10	23
261	111	10	23
260	111	10	22
260	111	10	23
260	111	10	23
259	111	10	23
259	110	11	23
259	111	10	23
258	111	11	24
257	111	10	23
257	111	10	24
256	110	10	23
255	111	10	25
255	111	9	24
255	111	10	24
254	111	10	24
253	110	10	24
253	111	10	23
252	111	10	24
252	110	10	25
250	111	11	24
250	111	10	23
249	111	10	25
248	110	11	25
248	110	10	25
247	111	10	24
247	112	10	23
245	111	10	25
244	111	11	23
244	112	10	24
243	112	10	23
242	111	11	25
242	111	10	25
240	111	11	23
239	111	10	23
239	111	10	23
237	112	10	22
237	111	10	23
237	112	9	22
236	111	9	22
235	111	10	22
