240	201	47	40
240	208	47	38
242	214	48	38
242	220	48	36
242	225	48	35
242	229	46	32
243	232	47	32
243	234	49	31
243	234	48	30
242	232	47	30
241	230	46	33
240	228	48	32
241	226	47	33
238	223	50	32
237	220	49	35
237	217	50	35
237	215	50	37
237	211	51	36
237	210	52	33
238	206	52	35
238	203	53	37
237	201	53	37
236	199	56	36
236	197	51	34
237	195	54	35
236	191	53	36
236	190	57	36
237	187	51	36
237	185	56	37
237	184	59	40
239	179	55	42
241	177	49	43
246	173	40	41
246	170	36	42
243	168	37	43
240	165	47	45
240	164	44	46
240	162	45	46
239	160	45	46
239	159	37	46
239	158	40	47
239	158	35	48
238	157	34	48
237	156	34	48
234	155	35	46
232	153	38	47
226	153	42	47
225	151	44	45
222	152	52	42
220	148	46	42
223	152	43	39
216	145	51	42
221	144	44	41
225	147	42	39
227	147	40	36
222	148	43	36
222	147	42	36
226	148	40	37
222	149	44	37
222	150	44	31
224	149	44	33
216	150	49	33
218	149	47	33
216	148	46	32
214	148	47	33
217	147	48	34
211	146	53	34
208	145	52	33
206	144	51	34
204	143	51	36
203	142	50	36
203	141	49	36
204	139	48	37
205	139	50	39
205	137	50	41
205	137	50	42
205	136	49	42
205	137	49	40
205	133	49	42
207	130	50	43
207	131	49	41
208	131	49	39
209	130	47	37
211	129	46	36
210	130	46	36
212	129	44	35
216	129	41	34
218	129	37	33
216	130	39	35
217	131	37	37
219	131	35	38
220	126	33	44
220	124	33	45
218	123	34	47
219	121	37	47
219	124	38	44
221	124	45	41
217	121	50	47
222	122	41	45
219	120	41	47
215	118	45	51
211	126	47	47
215	130	46	43
217	131	43	42
216	131	44	44
215	134	46	41
214	131	45	45
212	137	34	46
212	139	37	45
211	142	36	45
213	142	36	44
212	142	44	44
209	145	42	44
208	150	37	43
207	153	39	44
207	156	40	43
209	156	39	45
209	156	40	46
211	158	39	45
210	161	39	44
210	163	41	44
209	163	36	45
208	162	42	44
207	171	38	42
206	173	39	44
207	176	40	45
207	177	41	45
207	180	40	46
208	184	39	45
209	183	40	43
211	183	39	44
211	177	43	44
212	173	42	44
211	163	41	47
211	149	36	51
215	125	33	58
213	104	42	54
214	80	46	59
222	66	42	54
216	49	45	64
209	37	72	79
234	65	61	53
342	150	28	31
344	155	25	29
347	159	25	30
348	166	32	30
353	172	28	30
358	178	34	31
362	183	29	34
365	187	29	32
369	192	26	33
373	198	27	32
377	202	28	32
379	204	25	34
380	206	26	33
375	206	35	35
378	206	29	32
375	203	32	33
375	201	30	34
373	201	29	30
371	199	31	31
370	198	32	31
369	197	32	31
370	196	32	30
369	195	27	35
368	194	24	30
369	193	29	31
369	193	28	30
370	191	26	32
371	192	29	33
369	190	31	34
370	191	24	31
370	190	20	29
369	188	28	32
368	186	25	31
367	185	24	31
366	181	22	33
365	179	24	33
362	176	23	32
362	173	24	31
361	172	23	32
360	167	21	32
359	166	25	34
358	164	37	36
357	162	26	32
357	160	23	34
358	158	22	35
356	158	32	34
357	157	25	34
356	156	23	34
357	154	22	32
356	155	25	31
356	154	26	31
356	153	25	34
356	154	26	36
356	153	31	32
355	152	25	33
355	153	28	32
355	153	22	31
354	153	24	32
355	154	25	34
354	154	29	33
355	154	21	33
354	155	21	33
354	154	21	34
354	155	28	35
354	155	22	36
354	154	22	35
354	155	26	32
354	154	23	33
354	155	24	35
354	154	25	36
354	155	23	32
355	155	24	35
355	156	26	35
355	157	26	35
356	158	22	36
355	158	29	35
355	158	26	37
355	158	31	36
356	157	53	36
330	153	56	37
355	151	31	36
356	149	25	33
357	149	31	34
357	146	30	33
358	146	35	35
358	147	35	34
363	152	27	31
364	153	24	34
367	161	22	33
369	169	24	31
373	173	23	31
377	179	23	31
381	184	23	32
382	186	22	30
384	191	23	28
387	194	28	32
390	200	26	31
393	203	29	34
395	207	27	33
398	211	33	32
401	212	31	34
399	213	32	34
403	219	33	31
400	218	32	30
393	213	33	33
391	211	28	32
387	206	31	32
384	202	32	34
378	196	31	34
373	187	29	33
368	179	28	32
365	173	24	31
363	167	23	28
361	161	24	32
359	159	24	29
359	157	36	31
359	156	48	33
359	154	22	33
359	155	46	33
358	151	30	36
359	153	45	36
358	152	48	34
357	150	31	36
358	151	23	31
358	150	28	31
359	149	26	29
358	149	37	30
358	146	31	30
358	147	37	30
359	144	31	32
359	143	23	30
360	142	26	30
360	141	26	29
361	139	35	29
361	137	43	34
363	136	33	30
365	135	30	31
366	134	35	31
367	132	49	35
366	133	39	33
370	132	33	33
370	132	36	32
369	130	39	34
370	132	43	33
369	131	48	33
363	125	59	51
336	137	89	87
233	83	54	47
253	95	48	35
261	100	41	31
255	95	46	37
234	84	44	46
235	85	49	46
232	87	47	46
229	89	51	50
227	94	47	46
226	93	44	49
224	96	44	50
223	100	44	47
224	102	49	48
221	105	48	43
221	107	50	43
221	107	48	42
222	107	46	43
221	107	49	35
219	106	51	36
220	107	49	39
221	106	46	41
220	105	51	35
219	103	65	40
221	101	61	41
221	96	48	41
222	93	51	40
222	90	66	39
222	87	50	42
221	87	70	44
220	86	51	43
220	87	50	38
220	90	67	42
219	93	43	49
217	96	46	42
217	101	45	47
216	105	43	47
215	108	47	43
215	110	40	48
215	111	41	42
213	111	39	29
214	111	47	36
214	110	39	40
215	110	41	45
215	109	39	41
216	108	41	48
216	108	40	43
215	107	38	38
215	105	41	47
215	105	39	48
217	104	42	46
213	103	49	47
217	104	44	43
218	103	43	44
218	100	44	45
221	97	52	46
240	99	55	43
230	97	66	42
222	94	52	43
224	93	55	40
225	90	57	44
229	88	51	42
226	86	44	45
228	85	43	45
228	83	43	43
229	80	45	46
232	77	40	44
231	76	42	45
231	76	37	45
233	79	37	45
234	85	37	49
233	94	38	54
234	112	44	64
236	131	43	57
238	138	43	52
241	138	44	50
245	140	38	50
245	142	39	51
239	147	42	47
239	153	47	53
237	158	49	53
236	163	47	51
237	167	48	48
237	169	46	48
236	171	45	43
236	174	46	44
235	176	45	46
233	176	45	48
231	177	42	49
230	179	41	48
228	179	41	44
228	179	42	44
227	176	38	49
226	176	41	43
225	177	38	45
225	178	38	42
226	179	38	31
224	178	37	31
223	179	35	35
223	180	39	44
224	183	37	43
223	185	37	34
223	186	39	39
223	188	39	48
224	191	38	45
224	194	38	44
225	196	38	40
225	198	38	46
226	199	37	44
225	200	39	42
226	200	40	48
228	202	37	47
228	207	39	46
230	208	38	44
230	212	39	45
232	215	37	39
231	216	38	44
233	219	38	43
234	221	38	45
237	224	34	34
235	228	36	35
243	228	31	33
243	227	32	36
238	230	36	36
239	227	36	39
237	225	34	37
235	219	36	46
234	210	38	45
229	195	42	45
228	175	45	47
226	156	41	48
231	116	40	54
237	94	46	54
236	78	41	55
221	102	47	31
234	89	57	43
219	105	46	34
