427	139	9	11
427	138	9	10
427	139	9	10
427	139	9	10
427	139	9	10
427	139	9	10
427	139	9	10
427	139	9	10
426	139	9	10
426	139	9	10
426	140	10	10
425	139	10	11
426	139	10	13
425	138	11	14
424	139	11	15
425	138	11	12
426	138	10	12
426	138	9	11
425	140	10	10
426	139	10	10
425	139	10	10
425	140	10	10
425	139	10	10
425	140	10	10
425	139	10	10
424	139	10	10
425	139	10	10
425	139	10	10
424	139	10	10
424	139	10	10
425	139	10	10
424	139	10	10
424	139	10	10
424	139	10	10
424	140	10	10
424	139	10	10
423	139	11	10
423	139	10	10
423	139	11	10
423	139	11	10
424	140	11	10
423	139	11	10
423	139	10	10
423	140	11	10
423	139	10	10
422	140	11	10
423	139	11	10
422	139	11	10
422	139	11	10
422	139	11	10
422	139	11	11
422	139	11	11
422	139	11	11
422	139	11	11
422	139	11	11
422	139	11	11
423	139	11	11
422	139	11	11
422	138	11	11
422	138	11	11
422	139	11	11
421	138	11	11
422	139	11	11
422	139	11	11
422	139	11	11
422	139	11	11
422	139	11	11
422	139	11	11
422	139	11	11
421	139	11	11
422	139	11	11
422	138	11	11
421	139	11	11
421	139	11	12
421	139	11	12
421	139	11	12
421	139	11	12
422	139	11	12
420	139	11	12
420	138	12	12
421	139	12	12
420	139	12	12
420	139	12	13
421	139	12	12
420	140	12	11
420	139	12	12
420	140	13	13
419	140	14	14
419	140	13	13
420	140	13	13
420	140	12	12
420	140	12	13
419	140	13	13
420	141	11	11
419	140	12	13
419	140	13	13
419	142	13	13
418	141	14	13
419	141	14	14
418	142	14	13
418	140	14	14
418	143	13	12
418	142	13	12
418	139	13	13
417	140	13	14
418	140	13	14
418	140	13	14
418	140	13	13
417	140	14	14
417	139	14	14
417	140	14	14
417	140	14	14
417	141	13	14
416	141	14	14
416	142	15	14
415	138	21	18
416	140	15	14
415	141	15	14
416	140	21	16
415	139	20	16
415	140	23	18
413	138	22	18
415	140	16	14
415	141	16	14
415	139	22	18
413	140	17	15
414	140	24	19
412	139	26	20
410	138	27	20
405	133	41	31
400	137	35	24
414	140	17	16
411	140	27	21
408	138	30	23
413	141	15	13
412	142	15	13
413	141	14	13
414	140	13	13
412	140	14	13
413	140	14	13
412	140	14	13
412	139	14	13
412	139	14	13
411	140	14	13
411	140	14	13
411	140	14	13
411	140	14	13
412	139	14	13
412	139	14	13
411	140	14	13
411	140	14	13
410	140	15	13
410	139	15	13
410	139	15	13
411	140	15	14
410	139	15	14
409	139	15	14
410	139	15	14
410	140	15	14
409	140	15	14
410	139	15	14
409	139	15	14
409	139	15	14
409	139	15	14
409	139	15	14
408	140	15	15
409	139	15	14
409	139	16	15
409	139	15	15
409	139	16	15
409	139	15	15
408	139	16	15
408	139	16	15
409	139	16	15
408	139	16	15
408	139	16	15
407	139	16	15
408	139	16	15
408	139	16	15
408	139	16	15
407	139	16	15
407	139	16	15
408	139	16	15
407	139	16	15
407	139	16	15
407	139	16	15
407	138	16	15
406	139	16	16
406	139	16	15
406	139	17	15
406	139	16	15
405	139	17	16
406	139	17	16
405	138	17	15
404	139	17	16
405	139	17	15
405	139	17	16
405	138	17	15
404	138	17	16
404	138	17	16
404	139	17	16
404	138	18	15
403	139	18	16
403	139	18	16
403	139	18	16
402	138	18	16
403	139	18	16
402	138	18	16
402	138	18	17
401	139	18	16
402	138	18	17
401	138	18	17
402	138	18	17
402	139	18	17
401	138	18	16
400	138	19	17
400	138	19	17
400	138	19	17
400	138	19	17
400	138	19	17
399	138	19	18
399	138	19	17
399	138	19	18
398	137	19	17
398	137	19	18
399	137	19	17
398	137	20	19
397	137	20	18
397	138	20	18
396	137	20	19
396	137	20	18
396	137	20	18
396	138	20	18
395	137	20	19
395	137	20	18
395	138	20	19
395	137	21	19
395	137	21	20
394	137	21	20
393	137	21	20
393	137	21	19
393	137	22	20
392	137	22	21
391	137	22	21
391	137	22	21
391	137	22	21
390	137	22	21
390	136	22	21
390	136	23	22
390	137	23	22
390	136	23	21
389	136	23	22
389	136	23	22
387	137	24	23
388	136	23	22
387	136	24	22
387	136	24	23
386	136	24	23
385	136	24	23
385	137	25	23
384	136	24	23
384	137	25	24
383	136	24	24
383	136	25	25
383	136	25	24
382	136	26	25
381	136	26	25
381	136	26	25
380	136	26	24
379	135	26	25
379	135	26	25
379	135	27	26
378	136	27	26
378	136	28	26
377	136	27	25
376	135	27	26
375	135	28	26
375	135	28	27
375	135	27	27
373	135	29	27
373	135	28	27
373	135	28	28
372	135	29	28
371	135	29	28
371	136	29	28
371	135	29	29
370	135	30	29
369	135	29	29
368	135	30	29
368	135	30	29
367	135	30	30
366	134	30	29
366	134	31	30
365	134	32	30
364	134	32	30
363	135	32	31
362	134	32	31
361	134	32	31
360	134	33	32
359	133	33	32
358	134	34	32
357	134	35	33
356	133	34	33
355	133	35	34
353	133	37	34
352	132	37	35
351	133	37	35
351	133	37	35
350	133	37	36
349	133	38	36
347	132	38	37
347	132	39	37
339	131	43	39
337	131	43	40
335	131	43	40
326	130	47	41
325	131	48	42
324	130	48	42
322	130	49	43
321	130	50	43
315	129	51	45
313	130	52	45
310	129	53	47
305	127	56	48
302	128	56	49
299	127	57	50
292	126	61	51
290	126	62	53
283	126	64	54
281	125	65	56
278	124	66	57
270	124	71	58
266	124	72	60
263	123	73	60
254	123	77	63
249	122	79	65
246	122	80	65
236	121	84	68
231	120	87	69
217	120	92	72
213	118	94	75
208	117	97	77
194	117	102	80
187	116	107	83
180	115	109	85
167	113	116	89
157	113	122	91
146	112	125	95
137	112	130	98
128	110	135	100
112	110	142	104
100	107	149	108
88	106	156	112
66	106	166	117
53	103	174	123
