161	190	28	30
161	191	29	27
161	190	29	28
161	190	30	28
161	190	29	27
161	190	29	29
162	190	28	27
163	190	29	27
163	190	29	27
162	190	29	27
163	190	29	27
164	190	28	27
162	190	30	27
162	190	30	27
164	190	27	25
163	190	29	26
161	190	30	27
162	190	29	26
162	190	30	27
163	190	29	26
162	190	29	25
163	190	29	24
163	190	28	24
161	190	29	25
161	190	27	24
162	190	26	24
162	190	26	22
162	190	27	24
162	191	28	25
162	190	26	24
162	190	30	27
162	191	30	27
164	190	28	27
164	191	28	27
163	190	30	28
162	190	30	28
163	189	29	28
162	190	30	28
163	191	29	28
162	190	29	29
162	189	29	28
161	190	31	28
162	189	30	29
161	190	31	28
162	190	30	28
161	190	31	29
161	190	31	28
163	190	29	29
162	190	30	28
162	190	30	28
162	190	30	29
161	190	30	28
161	189	30	28
162	190	29	29
162	190	30	28
162	190	30	28
161	190	30	28
162	190	30	29
162	190	30	28
163	190	29	28
161	190	30	28
161	190	30	29
162	190	30	29
162	189	30	28
161	190	31	28
162	190	29	28
162	190	30	29
161	190	30	28
162	190	29	28
162	189	30	28
161	190	30	28
161	189	30	28
162	190	30	29
161	190	30	28
161	190	31	28
161	189	30	29
163	190	29	28
162	190	30	28
162	190	29	28
162	190	30	29
162	190	30	29
162	190	29	29
161	190	30	28
161	190	31	29
161	190	30	28
162	190	30	29
161	190	31	28
161	190	30	29
162	189	30	29
162	190	30	28
161	189	30	28
162	189	30	28
162	189	30	28
161	190	30	28
162	190	30	29
162	189	30	28
162	190	30	29
161	189	31	29
165	189	31	28
175	185	33	29
187	181	31	29
198	178	32	29
208	175	31	29
240	186	29	28
240	186	29	29
239	187	30	28
239	186	30	30
239	187	31	30
239	186	30	30
291	194	29	29
290	194	30	29
290	195	30	29
291	194	30	29
290	194	30	30
290	195	30	29
291	194	30	29
291	194	29	28
291	194	29	29
290	194	30	29
291	194	30	30
290	195	30	29
291	195	29	29
290	195	31	29
291	194	30	29
291	194	30	29
291	195	29	30
290	195	31	30
293	192	33	29
308	187	34	27
321	181	37	29
336	176	36	30
350	172	33	29
363	167	32	29
394	182	29	27
394	183	30	28
395	182	29	27
395	182	29	28
395	182	30	27
394	182	29	28
394	182	30	28
395	182	29	28
395	182	29	28
395	182	29	28
394	182	29	28
395	182	29	28
395	182	29	28
395	183	29	28
394	182	29	28
396	182	28	28
394	183	29	28
398	180	33	29
413	174	33	27
428	168	35	27
442	164	33	27
456	161	31	26
468	157	30	25
479	153	29	25
475	125	26	23
469	127	26	23
461	128	27	23
456	129	26	22
450	131	26	23
443	132	26	24
437	134	26	23
431	135	27	23
426	137	26	23
419	138	28	25
413	139	27	24
407	142	27	24
400	142	27	24
393	145	27	24
389	146	26	25
380	147	29	24
375	150	29	25
370	151	27	25
363	153	28	26
356	154	28	26
349	156	29	26
343	158	28	26
336	159	29	26
331	160	28	25
323	162	29	26
316	163	30	28
310	165	29	28
303	167	29	26
296	169	29	27
291	170	30	28
283	172	31	28
277	173	30	29
270	176	30	28
263	176	30	28
256	178	32	28
250	180	31	28
243	183	31	29
236	183	32	28
229	185	31	29
222	187	31	29
216	188	30	29
208	191	31	27
203	191	31	29
195	194	32	29
188	195	30	29
181	197	32	29
175	198	32	29
167	200	32	30
160	203	32	29
154	204	32	29
147	206	32	30
140	207	33	30
133	209	33	30
125	212	34	29
119	212	33	31
111	214	35	30
105	215	33	31
99	218	33	31
91	219	34	31
83	221	34	32
77	222	34	32
70	224	34	32
63	226	34	32
56	228	34	32
49	230	34	32
43	231	34	31
36	233	34	31
27	231	53	23
4	229	47	31
1	226	46	33
3	231	33	25
1	227	29	24
2	222	31	29
8	219	31	30
11	217	34	30
16	215	34	30
23	212	32	30
27	212	33	27
31	213	33	25
37	207	31	30
42	204	31	30
47	202	32	29
51	200	31	29
55	198	31	28
59	197	31	29
63	195	31	29
68	193	32	30
72	191	30	30
76	189	30	29
80	188	30	29
83	186	31	28
88	185	30	28
91	183	31	29
96	181	29	28
99	180	30	28
104	178	30	29
106	176	30	29
110	176	29	29
114	171	30	29
123	156	35	30
136	149	32	25
149	148	31	27
161	143	29	28
171	140	27	25
181	136	27	25
189	132	27	25
197	127	25	24
203	125	25	23
210	121	25	24
217	118	24	24
224	114	24	23
229	111	23	22
235	108	25	22
241	105	24	22
249	102	22	21
252	98	23	23
259	97	22	21
265	94	21	21
270	90	21	20
274	88	21	21
279	85	22	20
284	83	21	20
289	81	22	22
292	78	22	19
298	76	21	20
302	74	20	20
306	72	21	20
311	69	20	20
316	67	20	19
319	65	20	18
325	63	19	19
329	61	18	18
332	59	19	18
335	58	19	19
339	55	19	19
342	54	19	18
346	51	19	18
350	50	19	18
353	48	18	18
357	47	19	19
361	46	18	17
363	43	18	18
367	42	18	18
370	40	17	17
373	39	18	16
375	37	18	16
379	36	17	16
381	35	18	16
384	33	17	15
384	32	16	15
382	30	16	16
381	31	16	16
381	34	14	13
380	29	23	21
346	17	62	29
313	53	19	18
313	53	18	18
313	53	18	18
312	53	19	19
313	53	18	19
312	53	19	18
313	53	19	18
313	53	19	19
313	53	19	19
312	54	19	19
312	53	19	19
313	53	19	19
313	53	19	19
313	53	19	20
313	54	19	19
313	53	19	19
313	54	19	18
313	53	18	18
313	53	19	19
313	53	19	19
312	53	19	19
313	53	19	19
313	54	19	19
313	53	19	19
313	53	18	18
313	53	19	18
313	53	19	18
313	53	19	18
312	53	19	19
313	53	19	19
314	54	19	19
313	53	19	19
312	54	19	18
313	54	19	19
313	53	19	19
313	54	18	19
312	53	19	18
313	53	19	19
313	53	19	19
313	53	18	19
313	53	19	19
314	53	19	19
313	53	19	19
313	53	18	18
313	54	18	18
314	54	18	18
313	54	19	19
314	54	18	19
313	54	19	18
313	53	19	19
313	53	18	18
313	54	18	19
313	53	19	19
313	53	19	19
313	53	18	19
312	53	19	18
313	53	19	19
312	53	19	18
313	53	18	18
313	54	19	18
312	54	19	18
313	53	19	19
313	53	19	19
313	53	19	19
312	53	20	19
313	53	20	19
310	65	24	20
325	65	24	20
338	64	24	20
352	64	24	20
363	64	26	20
377	63	24	19
390	63	24	19
402	62	25	19
415	62	24	18
430	61	20	18
424	60	23	18
412	60	23	17
404	60	22	18
395	59	21	19
387	58	21	18
374	50	25	24
368	51	32	24
359	56	22	20
351	56	23	19
343	56	21	19
334	55	22	19
326	54	20	19
318	54	21	19
309	53	20	18
301	52	20	19
293	52	21	18
285	51	20	20
278	51	21	19
269	50	20	19
261	49	20	19
254	49	21	19
245	48	21	18
241	49	19	18
245	49	20	19
250	50	20	18
255	51	18	18
257	51	18	17
259	53	19	19
261	53	18	19
265	53	19	19
266	54	19	19
269	54	19	19
272	56	19	17
274	56	19	19
277	56	19	18
279	57	19	17
282	58	19	18
284	58	19	20
287	58	19	18
289	59	20	19
291	60	20	19
294	59	21	21
297	58	29	22
298	58	24	23
300	58	21	22
298	59	25	23
295	60	30	24
292	59	35	22
289	60	20	19
286	60	19	19
284	61	20	19
280	60	21	19
278	60	20	19
274	60	21	19
272	61	20	19
271	61	19	18
268	61	19	18
260	54	25	26
260	53	21	25
261	55	21	26
258	54	25	26
255	60	20	21
270	55	18	19
271	55	20	18
273	56	19	19
275	56	19	18
278	57	20	18
280	57	20	19
282	57	19	18
284	57	19	18
286	59	18	19
288	59	19	18
290	59	18	18
291	59	19	18
294	60	19	18
296	59	18	18
298	60	19	19
300	60	19	20
302	60	19	20
303	61	19	19
305	62	20	19
308	62	18	19
309	62	20	19
311	62	19	19
313	62	19	20
314	63	19	19
316	62	19	19
318	63	19	20
319	63	20	19
321	63	19	20
323	63	19	20
324	64	19	19
325	63	20	19
328	64	20	18
328	64	21	19
330	64	19	18
331	65	20	19
334	65	18	19
334	65	19	19
335	65	19	19
337	65	19	19
338	65	20	19
340	65	19	19
341	65	20	19
341	66	21	20
343	66	20	20
345	66	20	19
345	66	20	19
347	66	20	20
348	67	20	19
349	67	20	18
350	66	20	19
