240	201	47	40
240	208	47	38
242	214	48	38
242	220	48	36
242	225	48	35
242	229	46	32
243	232	47	32
243	234	49	31
243	234	48	30
242	232	47	30
241	230	46	33
240	228	48	32
241	226	47	33
238	223	50	32
237	220	49	35
237	217	50	35
237	215	50	37
237	211	51	36
237	210	52	33
238	206	52	35
238	203	53	37
237	201	53	37
236	199	56	36
236	197	51	34
237	195	54	35
236	191	53	36
236	190	57	36
237	187	51	36
237	185	56	37
237	184	59	40
239	179	55	42
241	177	49	43
246	173	40	41
246	170	36	42
243	168	37	43
240	165	47	45
240	164	44	46
240	162	45	46
239	160	45	46
239	159	37	46
239	158	40	47
239	158	35	48
238	157	34	48
237	156	34	48
234	155	35	46
232	153	38	47
226	153	42	47
225	151	44	45
222	152	52	42
220	148	46	42
223	152	43	39
216	145	51	42
221	144	44	41
225	147	42	39
227	147	40	36
222	148	43	36
222	147	42	36
226	148	40	37
222	149	44	37
222	150	44	31
224	149	44	33
216	150	49	33
218	149	47	33
216	148	46	32
214	148	47	33
217	147	48	34
211	146	53	34
210	145	49	35
207	144	49	34
205	143	52	36
204	142	51	36
204	141	49	37
204	139	48	38
205	139	48	39
206	137	48	41
206	137	47	42
206	135	48	42
206	136	47	39
207	132	49	41
207	130	51	42
207	131	48	41
210	130	46	38
212	130	44	35
212	130	44	36
216	130	39	34
223	130	33	34
224	129	33	32
213	129	43	32
223	129	33	35
216	125	37	35
219	129	36	43
220	126	33	44
220	123	32	46
219	122	34	47
219	121	35	51
218	123	40	43
214	121	49	47
218	114	55	52
220	105	73	68
210	108	62	62
211	113	59	57
217	118	66	59
213	106	114	98
210	121	78	64
210	127	55	51
212	131	53	49
212	131	60	54
212	134	44	48
212	136	36	47
213	140	34	45
213	140	40	46
212	135	41	52
210	144	41	46
208	144	37	50
208	153	38	45
207	155	38	45
209	154	38	47
209	154	50	48
210	157	39	46
207	155	51	48
210	161	57	45
208	158	57	49
207	157	48	53
208	171	38	44
207	174	39	44
207	176	40	46
207	177	44	47
208	178	42	48
207	184	40	45
210	185	38	43
211	181	45	46
210	175	45	48
212	171	68	48
220	155	63	59
230	139	79	71
345	175	40	30
343	167	30	30
341	158	32	31
340	151	26	30
341	147	28	32
340	147	37	34
341	145	47	39
343	150	29	32
345	156	28	28
346	160	38	30
349	164	38	32
354	171	38	34
358	177	31	32
362	182	33	35
367	187	26	32
370	191	28	33
374	198	27	32
378	200	25	33
380	205	22	33
381	205	25	31
379	206	28	33
379	204	28	33
377	203	29	34
376	202	26	34
374	201	25	31
373	199	31	33
373	198	31	33
371	197	31	32
371	195	31	32
370	194	31	35
370	193	27	33
371	194	29	32
370	192	31	36
369	191	27	31
371	191	30	32
370	189	34	36
369	189	35	35
371	189	32	36
370	188	32	33
368	186	32	35
366	183	36	35
366	182	29	35
364	179	27	33
363	176	21	32
363	174	24	29
361	171	21	30
361	167	21	35
360	166	25	34
359	163	27	38
359	162	26	32
358	160	23	35
357	158	23	36
357	158	24	35
358	157	23	35
357	156	24	36
357	154	22	32
357	154	25	33
356	153	30	35
356	153	46	35
354	153	47	38
356	154	38	34
355	152	31	37
355	153	44	36
355	153	32	35
355	154	33	35
355	153	50	36
354	153	77	39
353	152	79	40
354	154	58	36
353	155	34	37
354	155	45	36
354	153	53	36
351	154	35	38
353	154	28	36
354	155	25	36
354	155	24	35
355	155	22	36
354	155	23	31
356	156	23	34
356	155	22	34
354	157	28	33
356	158	20	36
356	158	38	33
356	158	32	33
356	158	37	36
355	157	34	33
355	155	48	38
354	151	35	33
356	149	28	35
356	148	33	33
357	146	34	37
358	146	40	38
358	146	42	38
361	151	29	35
365	153	22	34
368	159	22	34
370	168	20	30
373	174	21	27
378	179	20	29
381	184	20	30
383	186	20	28
386	191	21	28
389	195	24	31
392	198	24	31
395	204	28	33
397	207	27	31
400	211	29	31
340	212	88	31
268	159	48	55
267	161	49	55
265	161	51	55
264	159	49	56
262	155	50	57
259	152	46	54
254	146	49	55
247	140	49	53
243	132	48	57
239	125	47	57
237	113	50	62
234	111	46	58
232	107	46	57
232	99	50	60
231	101	47	55
231	96	51	58
231	100	56	54
230	98	51	54
227	97	60	55
229	96	52	55
229	98	49	55
229	99	51	51
228	95	56	54
229	98	58	51
229	98	58	50
228	98	58	49
228	95	54	52
228	98	61	49
227	96	61	51
228	95	53	50
227	93	61	51
229	92	46	49
228	90	51	52
229	89	46	50
231	87	58	51
231	87	48	49
230	85	48	52
232	83	47	53
231	83	57	55
233	83	52	51
233	81	52	50
233	82	56	54
234	82	46	49
235	81	50	49
258	94	41	37
234	83	47	48
261	97	42	34
253	89	48	43
233	81	51	48
257	95	42	36
255	89	43	41
257	91	44	41
250	89	50	47
230	89	55	48
228	92	66	47
227	91	49	48
225	93	57	50
226	99	50	39
224	102	50	49
222	103	55	46
221	106	51	46
223	106	49	45
224	107	50	36
222	106	53	39
220	106	52	34
221	105	56	41
220	104	55	37
219	100	67	39
220	102	62	40
219	100	69	40
220	94	65	42
222	92	61	38
222	90	64	40
222	87	61	39
222	86	64	44
220	86	55	42
221	88	64	39
220	89	64	45
219	93	65	44
217	96	69	50
217	99	68	49
216	103	61	48
216	108	42	42
216	110	50	49
216	111	49	42
214	112	43	47
217	109	53	51
216	109	51	46
217	110	52	48
216	109	61	50
217	108	56	48
218	108	42	47
217	105	54	50
216	106	62	47
217	103	74	43
218	102	41	49
217	99	54	51
218	100	49	48
219	97	47	50
220	99	56	47
221	97	65	45
222	92	70	48
222	93	72	47
223	92	63	47
224	92	70	47
223	90	60	47
226	85	48	48
226	84	43	47
227	82	50	50
229	83	47	45
229	79	49	48
232	75	52	49
232	75	44	48
233	78	41	44
233	79	41	46
234	85	36	49
235	95	36	54
235	112	42	61
235	131	41	58
238	138	41	52
242	137	42	55
246	140	38	54
246	142	40	55
241	147	42	51
240	154	46	53
239	159	46	51
239	164	47	53
238	168	46	51
238	170	44	49
237	173	44	44
237	175	46	49
236	177	44	48
235	176	44	49
233	177	48	50
231	179	46	51
229	179	49	49
229	178	50	50
228	174	46	52
227	176	43	51
226	177	43	50
226	175	47	53
226	179	41	48
225	178	37	49
225	177	35	48
224	180	37	48
224	183	39	47
224	185	37	44
224	186	37	44
224	187	40	47
225	191	39	46
225	193	38	44
225	196	37	45
226	198	38	45
227	200	36	44
226	199	38	45
227	200	38	46
227	203	39	46
228	207	40	44
231	207	38	46
232	212	39	44
232	215	39	43
233	217	37	42
234	219	38	43
235	221	38	43
238	223	33	37
236	227	37	40
238	227	36	41
238	227	36	40
239	230	35	37
237	228	37	41
238	224	35	43
237	218	39	51
234	209	44	48
229	193	50	49
231	175	54	48
226	149	42	61
226	101	73	76
222	91	64	63
226	78	62	70
222	82	118	99
236	34	71	63
236	27	67	57
