209	87	84	146
201	89	85	149
184	96	93	148
181	98	103	148
173	101	97	152
163	103	109	154
158	110	102	156
151	116	114	152
147	117	119	150
148	119	115	149
142	119	122	149
140	117	122	152
142	118	117	150
141	120	116	148
142	117	126	151
148	116	129	152
151	109	136	160
158	112	142	156
165	109	136	145
170	113	133	146
175	110	129	157
178	110	131	159
180	106	134	164
185	115	120	153
183	123	129	146
186	122	121	147
186	120	113	150
183	117	108	153
179	117	111	152
173	113	149	154
171	112	130	156
162	109	140	159
156	108	170	161
151	102	169	161
147	100	163	167
145	97	170	165
146	100	160	168
144	101	178	163
145	107	182	161
146	112	176	158
146	107	180	161
147	106	171	163
146	101	162	169
145	98	160	171
160	96	145	165
165	93	132	164
168	93	134	164
179	95	119	167
187	96	113	160
197	99	102	161
202	103	107	157
199	103	116	161
194	103	122	152
191	100	132	153
187	101	134	152
182	99	142	155
180	96	145	156
169	92	156	165
166	99	156	147
150	97	177	166
146	112	177	155
143	109	179	161
141	108	180	163
140	101	180	168
142	97	185	172
137	111	188	156
137	131	185	137
134	122	186	144
131	130	186	138
127	124	184	145
124	124	186	147
125	110	186	160
123	113	188	156
122	123	190	147
128	118	179	151
126	112	170	156
124	106	172	163
129	106	168	159
124	106	172	163
133	98	168	165
131	104	171	161
126	98	172	167
129	101	170	161
130	98	174	164
131	105	177	154
124	92	185	177
128	101	179	160
124	101	187	164
124	98	179	168
124	113	182	151
124	96	173	170
126	104	174	159
123	97	175	166
124	103	175	160
123	96	176	166
126	103	177	158
123	91	180	176
127	102	182	159
121	103	189	162
124	97	183	169
125	86	185	179
124	101	188	161
122	93	187	173
127	91	180	170
125	94	190	166
126	84	188	177
128	88	183	171
134	100	181	154
129	90	189	168
131	99	182	163
125	93	194	173
137	88	172	171
130	104	184	164
131	104	179	163
136	107	181	158
137	109	180	157
136	112	178	155
137	113	178	154
142	114	175	153
139	117	182	151
141	116	184	153
142	117	189	152
143	116	188	154
146	116	188	154
147	117	185	152
148	118	191	151
149	118	190	150
149	122	193	147
148	118	194	151
150	124	194	145
148	122	195	148
149	123	195	146
149	122	194	146
149	122	195	148
149	123	193	148
149	124	191	144
148	119	188	151
147	122	183	148
148	120	186	150
143	120	183	151
147	117	178	153
143	116	182	153
143	113	180	155
142	114	175	154
140	114	182	155
137	113	185	156
135	110	183	159
133	109	183	159
132	103	181	162
129	106	182	160
128	104	185	163
127	101	190	164
125	101	187	163
122	100	185	163
121	97	192	168
122	98	182	164
117	104	186	160
119	98	186	163
116	97	186	169
116	95	188	167
116	89	187	172
115	87	187	176
113	83	188	178
112	91	188	169
113	95	189	161
111	94	190	167
116	86	183	167
106	87	191	175
108	89	190	178
108	89	190	176
106	89	191	177
107	89	191	178
107	89	191	173
111	89	188	163
105	88	192	177
106	91	193	177
107	90	188	180
108	84	188	185
110	86	189	178
110	90	185	176
111	91	190	177
111	92	184	166
114	93	181	171
115	91	187	173
116	97	187	172
118	98	187	169
117	99	189	163
115	99	190	165
117	92	189	172
118	95	187	165
122	90	183	166
116	95	186	167
120	93	186	165
114	88	188	178
116	89	185	169
119	81	172	175
118	73	168	186
128	70	157	174
126	59	151	187
126	56	151	206
134	48	149	151
129	28	156	167
132	25	155	165
129	12	156	172
133	7	157	164
131	2	159	164
132	0	157	166
131	2	158	164
131	3	156	162
129	1	159	170
128	3	159	164
131	9	151	165
131	3	153	180
131	0	156	180
131	7	156	170
132	4	157	176
133	2	158	176
130	7	158	172
130	4	159	174
128	5	161	174
124	12	164	172
125	21	163	164
120	34	168	150
120	40	165	148
112	43	174	179
112	45	167	153
99	51	183	214
99	61	186	208
96	60	189	209
97	70	184	200
99	69	183	200
102	74	180	195
100	86	180	183
105	87	177	182
105	95	179	174
105	97	178	173
104	98	179	173
105	100	177	171
106	101	176	171
113	99	178	168
115	101	186	166
116	103	185	156
116	101	184	165
117	104	183	164
118	100	181	168
116	100	184	168
115	99	184	164
115	102	183	153
113	94	180	161
113	93	180	166
114	92	179	167
112	88	181	172
111	90	185	169
109	88	185	171
108	89	185	171
107	87	181	173
109	87	178	170
109	85	178	175
112	86	179	178
109	84	181	185
109	76	192	190
107	76	198	193
107	77	202	191
108	72	199	198
112	67	200	202
104	65	211	205
108	52	202	216
107	50	206	219
145	48	173	184
136	48	185	190
165	49	158	158
159	44	169	160
169	48	156	154
168	51	160	148
163	52	164	155
166	50	159	154
162	55	164	154
158	53	165	166
99	145	161	127
150	50	179	180
151	61	177	164
146	55	177	174
150	62	171	159
93	137	176	128
156	56	168	175
96	136	162	133
154	56	169	165
95	157	168	113
159	55	167	164
147	55	177	168
140	51	186	178
148	49	175	167
142	57	181	173
103	139	175	132
109	166	161	105
147	64	177	161
126	68	193	174
117	69	200	195
137	69	183	160
139	76	175	151
136	78	174	177
136	79	171	189
139	86	161	182
141	91	164	176
144	93	155	176
144	94	162	168
145	102	164	124
152	108	153	118
151	112	158	116
152	116	158	115
153	118	158	115
155	119	158	117
159	121	156	116
161	122	157	114
163	122	159	121
164	120	153	121
165	120	158	135
165	123	155	134
165	127	157	133
165	130	155	134
163	133	159	122
165	134	157	124
165	137	157	121
164	139	159	123
161	136	161	123
161	136	158	125
161	136	157	129
158	134	160	128
158	125	156	136
158	126	159	138
159	124	160	139
157	126	161	137
157	123	161	138
158	128	157	139
160	121	153	137
159	121	153	147
157	114	158	144
157	109	156	142
157	108	155	142
155	104	156	135
152	104	157	156
150	102	156	136
149	100	159	165
144	102	167	155
147	106	164	149
148	106	163	148
147	107	165	140
145	109	171	142
147	110	170	139
147	113	170	138
149	113	169	141
149	114	170	142
149	115	169	133
149	114	172	137
152	115	169	147
153	119	169	144
153	116	169	133
153	114	171	142
153	115	171	144
154	117	169	149
155	121	170	130
154	120	171	138
153	122	173	144
155	122	170	139
153	124	173	136
154	126	172	139
154	128	174	137
156	128	172	139
157	127	172	141
156	127	173	138
156	127	174	141
158	125	171	140
155	126	172	139
153	124	171	143
150	122	172	148
150	116	171	153
149	108	169	158
146	104	166	164
145	96	168	172
141	88	169	182
136	78	174	192
129	66	182	202
124	59	189	204
122	52	192	211
177	45	137	159
172	44	144	163
172	41	144	162
174	40	142	161
174	40	143	163
175	41	143	162
173	42	145	165
173	44	148	165
173	47	148	163
172	48	151	165
173	49	150	165
171	48	149	166
171	51	151	165
168	54	153	161
167	53	153	164
166	56	152	162
166	61	151	161
166	66	150	159
166	67	149	161
166	70	148	159
165	75	147	165
164	75	148	164
161	79	152	171
163	82	147	172
161	83	148	177
165	87	147	167
148	93	159	173
135	96	176	166
125	100	184	166
112	103	198	165
115	109	199	161
114	112	199	157
118	114	195	156
118	115	194	155
119	117	195	152
118	120	196	150
120	119	194	151
120	120	197	150
120	119	196	150
119	120	198	151
120	119	196	150
119	120	199	150
121	120	198	150
121	119	199	151
120	121	197	148
120	120	199	151
121	120	198	150
121	121	199	150
121	119	198	152
121	120	199	149
124	120	196	150
128	119	188	151
126	120	190	149
133	120	187	150
150	118	161	152
160	115	156	152
192	113	130	153
177	108	147	159
160	111	164	157
191	109	131	150
171	100	152	164
159	93	164	172
129	80	167	179
116	68	187	198
175	65	119	151
160	62	152	166
162	59	132	158
185	65	124	146
186	64	106	156
177	64	136	161
196	76	105	153
191	73	131	158
192	76	126	149
187	66	117	162
187	55	113	179
141	54	163	193
180	79	136	154
191	75	108	151
114	174	183	91
114	184	160	85
113	154	174	110
115	80	180	191
166	76	129	180
127	80	186	189
180	70	128	151
131	90	184	174
141	75	170	187
200	71	115	144
156	44	209	201
197	77	121	147
173	64	144	190
165	68	155	180
190	80	128	182
177	73	145	191
170	80	150	183
175	78	146	187
176	80	142	183
176	79	135	185
176	79	144	186
178	79	137	189
177	77	132	189
174	80	146	187
177	78	134	187
176	79	136	184
175	79	143	188
176	77	130	188
176	79	147	187
175	78	138	189
176	78	138	189
179	78	133	190
181	79	128	189
181	78	129	185
177	79	140	189
177	79	135	188
178	78	131	189
176	82	141	186
176	79	134	187
175	80	140	185
178	79	132	188
176	78	132	185
176	80	145	187
170	79	139	187
178	77	138	187
173	81	147	185
172	80	133	186
176	74	148	179
167	81	153	186
177	78	137	190
179	78	131	189
179	81	130	184
177	83	134	184
178	81	130	186
180	80	137	182
174	80	144	187
177	77	125	188
177	81	143	184
179	81	131	188
180	78	130	189
176	76	136	188
176	79	138	188
176	78	136	191
177	79	137	188
177	79	137	189
176	77	138	190
175	74	144	192
140	75	180	190
95	76	221	178
147	39	171	229
161	77	157	159
203	63	126	126
158	64	177	197
173	64	151	198
164	37	163	219
173	64	158	202
165	43	152	221
175	48	140	220
166	41	152	226
179	51	139	212
176	32	140	233
172	48	153	220
170	72	155	195
165	25	153	239
184	46	143	226
190	42	134	220
184	54	139	210
172	38	144	228
172	64	151	203
166	19	153	249
180	50	139	216
169	47	150	218
167	52	155	213
168	53	155	212
179	68	145	198
168	42	149	226
187	24	137	239
166	29	153	234
168	39	157	224
160	74	163	149
213	37	121	147
154	73	170	180
160	37	161	210
159	69	162	182
159	52	160	189
164	57	159	180
163	63	160	166
163	71	164	161
156	65	165	171
166	44	155	137
245	82	78	96
156	79	170	117
160	79	163	131
175	77	149	108
194	85	125	94
220	81	100	99
160	71	158	120
140	62	182	132
164	52	157	126
159	60	167	128
155	44	170	139
164	56	168	126
161	56	170	129
219	66	108	113
225	70	101	110
202	64	153	120
141	48	201	134
133	44	240	140
133	37	231	146
135	9	197	173
127	12	197	174
139	8	171	179
138	35	183	152
124	10	195	180
179	25	139	160
121	2	194	191
135	7	175	179
134	0	175	199
128	-2	173	192
117	2	183	198
138	13	156	190
105	0	171	213
108	15	186	204
131	10	161	204
118	0	166	225
120	-1	160	231
120	0	163	231
120	-1	172	223
190	92	107	134
191	136	103	92
190	105	105	118
178	30	120	187
192	98	97	124
185	50	105	178
197	91	98	134
191	124	92	104
191	117	97	107
187	114	102	119
191	118	102	105
190	97	100	132
194	131	93	99
195	110	102	117
188	113	103	115
