157	91	128	164
179	95	123	158
199	98	111	152
216	99	105	149
229	101	102	148
243	104	94	142
258	108	90	134
264	107	92	125
278	109	85	122
287	111	82	116
296	112	77	130
302	115	77	121
313	115	68	98
318	117	71	120
326	115	71	96
332	116	62	90
338	120	66	99
341	122	63	108
348	123	61	109
353	123	58	94
357	123	59	101
361	124	60	100
366	126	56	83
372	127	51	66
377	128	50	76
381	128	46	61
385	127	46	66
387	130	46	58
391	128	46	67
396	127	42	57
398	133	40	45
400	134	41	44
403	134	41	43
406	134	37	42
408	135	35	41
410	136	37	37
413	135	35	40
414	137	36	40
417	137	35	36
419	136	32	43
420	136	36	45
419	138	37	47
421	135	36	54
424	137	32	51
426	137	30	36
426	137	32	41
427	136	32	42
427	136	33	45
427	136	34	46
431	138	30	46
432	135	29	44
432	135	29	43
434	137	28	42
435	138	27	45
436	136	25	37
437	139	27	36
438	139	24	33
439	140	25	40
440	139	23	34
441	139	22	30
440	139	24	32
442	139	23	32
443	141	22	27
444	140	21	28
445	140	21	33
445	140	20	27
445	141	21	29
446	139	20	27
446	140	20	31
446	140	21	35
446	140	21	40
447	140	21	35
447	141	21	34
447	140	22	35
447	140	22	34
448	141	21	27
448	141	20	30
449	140	22	35
450	141	19	27
450	142	19	26
450	142	19	25
451	142	18	23
452	143	18	21
453	142	17	23
453	141	17	23
454	141	18	24
454	141	17	27
454	142	17	26
454	141	17	30
454	145	17	36
455	141	17	35
455	142	17	33
456	142	17	34
457	142	17	36
456	146	17	33
457	142	17	35
458	144	17	34
458	142	17	36
458	142	16	35
459	142	16	34
459	141	16	31
459	142	16	35
460	141	16	34
461	142	15	31
460	146	15	31
461	142	16	34
461	143	16	34
461	142	15	33
461	142	15	33
461	142	16	34
462	149	14	27
462	149	15	26
462	150	15	25
462	143	14	28
462	144	15	29
462	142	15	28
463	150	15	25
463	146	15	28
463	145	14	29
463	145	15	27
464	145	15	26
464	147	14	26
464	145	15	27
465	145	15	27
465	146	15	27
465	146	14	27
465	146	14	27
465	145	14	26
466	145	14	24
466	145	14	25
467	145	13	25
467	148	14	23
467	145	13	25
467	146	14	24
468	145	13	26
468	145	12	25
468	145	14	26
468	145	12	26
469	145	12	24
469	146	12	25
469	145	12	24
469	145	12	23
469	147	12	23
469	146	12	23
469	150	12	21
470	148	12	21
470	148	12	22
469	151	12	19
469	152	12	18
464	149	19	24
434	152	20	23
407	143	22	38
408	142	22	41
408	143	23	40
411	144	21	39
414	143	20	39
412	141	21	40
415	142	19	39
416	143	20	37
416	144	20	36
417	143	19	36
417	143	19	36
420	143	17	35
421	143	18	34
421	144	18	34
423	144	18	35
423	144	17	33
424	144	16	33
424	144	17	32
425	145	17	31
426	144	17	31
426	143	16	31
427	145	16	29
427	145	16	30
428	145	16	31
429	144	16	31
430	145	15	31
430	143	16	31
431	144	15	30
431	144	15	29
432	146	15	27
433	145	14	28
432	147	15	27
435	145	14	28
434	146	14	27
434	145	15	27
434	146	14	26
436	145	14	26
436	147	14	25
435	143	14	26
437	147	14	24
438	147	13	24
438	145	13	26
438	146	14	25
439	146	13	25
439	150	14	21
439	145	13	23
439	148	13	22
439	148	14	23
440	147	13	23
441	147	13	23
441	147	13	23
441	147	12	23
442	147	13	22
443	147	12	22
443	147	12	21
444	147	12	21
444	146	12	22
444	147	12	20
444	147	11	21
445	148	12	20
446	148	11	20
446	148	11	20
446	148	12	20
447	148	11	19
447	147	12	22
447	148	12	20
447	148	11	20
447	147	12	20
447	148	11	19
448	148	11	19
448	148	12	19
450	150	11	18
449	149	11	18
449	148	11	19
449	149	11	19
450	149	12	18
450	148	11	20
450	148	11	19
450	150	12	18
450	149	11	18
450	149	10	17
451	148	10	18
452	149	10	18
451	147	12	19
452	148	11	18
451	147	14	21
452	146	15	22
452	149	13	18
453	148	16	19
452	148	12	19
452	148	11	19
452	149	10	16
451	150	11	16
452	150	10	16
452	149	10	18
452	148	10	17
452	148	11	17
452	147	10	18
452	147	11	19
451	149	11	16
450	149	11	17
451	149	12	16
451	149	11	16
450	149	13	18
450	147	13	19
449	149	12	17
451	148	14	19
450	149	11	16
449	150	11	15
450	149	10	15
449	150	11	15
449	151	10	15
449	150	9	14
448	150	9	14
449	150	9	15
448	151	10	14
448	151	10	14
449	152	9	13
448	151	9	14
448	151	10	14
448	151	9	13
448	151	9	12
447	151	9	12
447	151	9	13
448	153	9	10
447	152	9	11
448	153	8	11
448	151	9	13
448	152	9	12
449	152	8	11
448	151	9	12
449	151	8	12
449	152	9	11
448	152	9	12
449	152	8	11
449	153	8	11
450	151	8	12
450	150	9	12
450	149	12	14
451	150	10	13
450	149	11	14
454	150	15	15
449	151	22	17
436	143	54	39
489	134	24	47
490	131	30	59
486	131	27	62
476	117	42	92
466	112	53	126
437	116	103	125
355	144	137	117
262	133	82	76
303	139	34	57
303	142	31	54
302	138	28	50
300	136	27	45
298	137	28	56
296	137	28	51
293	134	30	58
287	139	32	63
285	136	33	56
282	136	33	60
278	133	35	66
279	134	30	50
273	133	34	54
269	133	37	60
269	135	32	53
265	134	30	53
260	135	35	55
255	133	36	60
254	134	33	57
248	132	36	57
243	133	37	55
241	132	36	58
236	132	37	68
230	130	38	58
227	131	37	68
218	130	43	78
212	131	45	83
210	131	42	67
202	130	45	70
201	128	40	61
192	130	46	72
186	128	46	69
178	130	48	84
173	129	47	79
168	130	49	78
159	130	50	75
153	127	52	84
149	126	46	74
142	129	49	71
134	125	50	92
129	125	50	91
117	126	57	91
112	124	55	91
99	125	61	93
90	123	63	109
74	130	74	124
64	132	75	121
57	127	75	125
38	126	86	125
39	122	73	130
20	120	87	132
14	122	80	130
3	117	80	137
0	120	74	134
0	132	65	123
-2	121	54	133
-1	151	44	104
-7	172	36	82
-6	176	20	77
-21	171	55	86
-32	156	117	102
37	138	229	137
25	-14	396	284
-6	93	166	148
14	-9	381	277
-12	93	197	145
2	31	274	238
-12	85	144	155
47	48	298	211
-11	95	161	138
33	66	222	185
15	64	255	194
-8	108	110	125
32	69	251	205
16	65	235	188
22	55	283	210
-3	83	213	156
-2	112	105	112
23	68	222	197
9	62	255	199
-10	99	132	144
27	62	250	197
175	103	166	150
129	114	261	154
31	80	216	162
32	72	240	179
13	73	198	172
6	36	303	236
-18	82	157	172
9	23	301	236
-15	74	221	166
9	71	226	175
-6	92	158	141
31	82	169	160
21	-1	360	269
0	84	236	160
7	56	252	220
-10	102	128	124
-5	62	196	187
32	41	274	211
-11	79	158	153
32	26	284	226
-9	84	196	149
35	42	308	232
