15	174	10	10
14	174	9	8
14	174	9	8
14	174	9	9
14	174	9	9
14	175	9	8
14	174	9	9
14	174	9	8
14	175	9	8
15	174	9	8
14	175	9	8
14	174	9	8
14	174	10	8
13	175	9	8
14	174	9	9
14	174	9	8
14	175	9	8
14	174	9	8
13	175	10	8
14	175	10	8
13	175	9	8
13	174	10	8
13	174	10	8
13	174	10	8
13	174	9	9
13	175	9	8
12	174	9	9
13	174	9	9
13	174	9	9
13	174	9	9
14	174	9	9
13	174	9	9
13	175	9	9
12	175	9	9
12	175	9	8
12	175	9	8
13	175	9	9
12	175	9	9
12	175	9	9
12	175	9	9
12	175	9	9
12	175	9	9
12	175	9	9
12	175	9	9
12	175	9	9
12	175	9	9
12	175	9	9
12	175	9	9
12	174	9	9
11	174	9	9
11	175	9	9
11	174	9	9
11	174	9	9
11	175	9	8
12	174	9	9
11	175	9	9
12	175	9	9
11	175	9	9
12	174	9	9
12	174	9	9
12	175	9	9
11	175	9	8
11	174	9	8
11	175	9	9
11	174	9	8
11	174	9	9
11	175	9	8
19	175	9	7
18	175	9	7
17	175	9	7
18	175	8	7
18	175	8	7
17	175	9	7
17	175	9	7
13	174	12	7
15	175	10	8
14	174	11	7
15	175	11	8
14	175	11	8
13	175	12	8
13	175	12	8
15	175	11	7
15	175	9	8
16	175	8	7
17	175	8	8
9	175	14	8
10	175	14	8
9	175	12	8
9	175	11	8
9	175	13	7
9	175	13	8
9	175	13	7
9	175	14	7
8	175	15	7
8	174	14	8
8	175	14	7
8	175	14	8
8	175	14	8
9	175	14	7
8	174	14	7
8	174	13	8
8	175	13	8
8	174	13	7
8	175	13	7
8	175	13	7
7	174	14	8
8	175	14	7
8	174	14	8
7	175	14	8
8	174	14	7
7	175	14	8
7	175	14	8
7	175	14	8
7	175	13	8
7	175	13	8
7	175	13	8
7	174	13	8
7	174	13	8
7	175	13	8
6	175	13	8
7	174	13	8
6	174	13	8
6	175	13	8
6	175	13	8
6	175	13	8
6	175	12	9
7	175	12	8
6	174	12	8
7	175	12	8
6	175	13	10
6	175	12	9
7	175	12	9
7	175	12	10
6	174	12	10
6	175	12	10
7	174	12	8
7	174	12	8
7	174	12	9
6	174	12	10
6	175	12	10
6	175	12	10
6	174	12	9
7	174	11	9
7	175	11	9
7	174	11	9
7	174	11	10
6	174	11	9
7	175	12	9
7	174	12	9
7	174	11	8
7	175	12	8
7	175	12	8
7	174	13	8
6	174	13	9
7	174	12	8
7	174	12	8
8	175	12	9
8	174	12	8
7	174	12	9
7	174	12	9
7	174	13	9
7	174	13	9
8	174	13	8
7	174	13	9
7	174	13	8
7	174	13	8
6	174	14	8
7	174	14	8
6	174	14	8
7	174	14	8
7	174	14	8
8	174	14	8
7	174	15	9
8	174	15	9
8	174	15	9
8	174	14	9
9	174	12	9
9	174	13	9
10	174	12	9
10	174	12	9
11	174	12	9
11	174	12	9
10	174	14	7
10	174	14	7
10	174	14	10
12	174	12	8
11	174	12	8
12	174	13	10
11	174	14	10
13	174	13	10
13	174	13	9
12	174	13	10
12	174	14	11
12	174	13	11
12	174	14	11
10	174	17	11
11	174	16	11
10	174	16	11
12	174	16	10
11	174	17	10
10	174	19	10
12	174	17	10
9	174	19	11
10	174	19	10
10	174	19	10
9	174	20	10
9	174	21	10
9	174	22	10
9	174	22	10
8	174	23	9
8	174	25	11
10	174	22	10
10	174	23	10
11	173	22	10
10	174	24	11
10	174	24	10
11	174	25	11
9	174	25	11
10	174	28	12
11	174	27	12
10	174	26	13
13	173	26	12
12	173	26	12
17	174	22	12
13	174	25	13
19	174	19	10
17	173	21	12
18	174	21	13
14	173	12	10
13	173	13	10
13	173	13	10
13	174	13	12
13	174	13	10
12	173	15	12
12	174	14	11
12	173	18	12
8	174	16	11
12	174	17	11
13	173	18	12
13	174	15	11
13	173	14	11
13	173	14	11
14	173	14	11
13	173	16	14
14	173	16	12
14	173	15	12
14	173	16	12
13	172	16	12
14	173	16	13
14	173	16	11
13	173	16	12
13	173	16	13
13	173	16	13
14	173	16	12
14	173	16	12
14	173	16	13
14	173	16	13
15	172	16	12
14	173	17	12
13	173	17	13
14	173	16	12
14	173	17	12
14	173	17	13
14	173	17	13
14	173	17	13
14	173	18	12
15	172	17	12
15	172	18	14
15	172	18	13
15	173	19	12
15	172	20	13
15	172	19	15
16	172	20	13
14	172	23	15
15	172	23	14
15	172	23	15
16	172	22	14
17	172	22	16
17	172	22	17
18	172	21	17
17	172	23	19
18	172	23	20
17	172	26	24
14	171	28	23
20	171	24	21
22	172	22	20
23	172	23	18
24	172	23	19
24	171	23	16
21	171	28	20
25	172	27	20
27	171	25	20
28	171	26	20
29	171	26	21
30	171	27	21
32	171	25	21
32	171	27	21
31	171	30	22
34	171	28	22
36	170	29	22
37	171	31	22
34	170	36	23
39	171	33	23
40	171	34	23
40	170	35	24
42	171	35	24
45	170	36	25
46	170	37	25
49	170	37	25
51	169	38	26
52	171	41	26
55	171	42	26
55	170	45	27
60	171	42	27
62	169	44	28
66	170	55	28
69	170	50	29
70	170	51	29
72	170	57	30
77	170	52	30
80	168	59	32
82	170	72	32
85	170	73	33
89	169	72	33
92	169	72	34
97	168	72	35
99	168	72	36
104	168	70	37
108	168	69	38
112	168	68	39
118	168	67	40
123	167	68	41
127	168	70	41
132	168	74	42
137	168	77	44
144	166	80	46
150	166	83	47
157	167	87	49
161	166	95	52
163	166	104	53
168	166	112	54
173	166	122	56
176	166	133	57
182	164	144	61
202	165	144	64
201	165	160	66
237	165	148	70
242	164	169	72
201	167	72	43
206	171	75	40
210	170	78	41
216	170	80	42
222	171	82	42
227	171	85	43
233	171	86	45
240	171	90	45
246	171	92	46
253	170	95	47
259	170	99	49
266	170	102	50
274	170	106	52
283	171	110	53
290	170	115	53
299	171	118	56
308	169	124	57
313	168	135	62
328	169	134	62
335	168	144	66
349	169	146	67
353	169	157	69
457	162	48	37
