52	162	149	87
60	164	146	83
69	164	141	81
80	165	136	78
89	165	132	77
98	166	128	75
107	166	125	73
115	166	123	71
124	167	116	70
131	166	112	68
138	167	110	67
144	167	107	65
151	168	104	64
158	169	100	62
162	169	99	61
168	169	96	60
175	169	93	58
180	170	92	57
185	170	90	56
189	170	89	55
194	171	85	54
198	170	85	53
203	171	81	52
207	171	79	52
212	171	78	51
216	171	76	50
220	172	75	49
224	172	73	48
227	172	72	48
230	173	70	46
234	172	69	46
238	173	68	45
241	172	66	45
244	173	64	44
246	173	64	43
249	173	64	42
252	173	62	42
254	174	61	41
258	174	60	40
261	174	59	40
264	174	57	39
267	174	57	39
268	175	55	38
271	175	55	37
274	175	54	37
276	175	53	37
278	175	52	36
280	175	51	36
282	175	50	35
285	176	49	35
286	176	49	34
288	176	48	34
291	176	47	33
292	176	46	33
294	176	46	33
295	176	45	32
297	176	44	32
299	176	44	32
300	176	43	31
302	176	43	31
303	177	43	31
305	176	42	31
306	177	41	30
308	177	41	30
309	176	40	30
311	177	40	29
312	177	39	29
312	177	39	29
313	177	39	29
315	177	37	28
313	178	41	28
314	177	41	28
317	177	38	28
319	177	37	28
321	177	36	27
319	177	39	29
298	203	44	52
302	203	43	52
304	202	43	53
309	203	42	53
314	202	40	53
317	205	40	50
320	198	40	56
325	198	40	57
327	199	40	56
332	199	38	56
335	197	37	57
338	195	36	58
340	197	34	56
343	196	34	55
345	196	34	54
348	196	32	52
350	194	32	52
353	196	30	49
354	195	30	49
357	195	29	48
359	193	28	48
361	195	27	46
362	193	28	46
364	195	26	44
365	192	28	45
367	193	26	43
369	194	24	41
371	193	24	41
373	193	23	40
373	192	23	40
375	192	23	40
376	191	23	40
378	193	22	38
379	192	22	38
379	191	22	38
380	191	22	37
381	191	22	37
382	190	22	36
383	192	22	35
385	191	21	34
386	190	19	34
386	191	21	33
387	190	20	33
388	190	19	32
389	191	19	31
389	190	18	31
390	189	19	32
392	191	18	30
392	189	18	31
394	191	17	29
394	190	16	29
395	191	16	28
394	190	17	29
396	190	16	28
397	192	15	27
398	190	16	27
398	190	15	27
399	190	15	27
400	190	14	26
401	190	15	26
401	190	14	26
401	189	15	26
402	188	15	26
403	189	14	25
403	190	14	24
404	189	13	25
404	188	14	24
405	190	12	23
405	189	12	23
405	189	13	23
406	188	13	23
407	191	11	20
407	191	11	20
408	190	11	21
408	189	12	22
408	189	12	23
409	189	12	22
409	190	13	20
409	190	12	21
410	189	13	21
410	189	12	21
409	188	13	22
410	185	13	23
410	188	13	21
411	189	14	19
411	188	13	19
412	188	13	19
412	188	13	17
411	188	14	18
412	188	14	18
412	188	12	18
412	188	12	17
412	187	12	17
412	184	11	18
412	185	12	19
412	184	13	20
412	183	14	19
413	190	13	15
413	189	13	15
413	189	12	14
413	182	12	14
413	187	12	14
414	185	12	17
413	182	12	14
414	187	13	16
412	184	13	18
414	182	11	18
415	182	9	13
413	183	11	16
415	190	12	13
415	182	8	12
414	184	9	16
414	183	10	13
414	184	10	15
416	182	7	10
415	184	11	14
414	183	12	16
415	190	12	12
415	182	10	12
415	182	11	19
415	181	11	19
411	183	16	20
414	183	13	19
415	181	8	12
415	181	8	13
416	181	6	13
416	182	6	13
416	183	6	11
416	181	6	12
416	181	6	12
416	182	7	14
416	181	7	13
416	181	8	15
416	181	7	13
416	180	6	12
416	182	7	11
416	181	6	10
416	181	6	11
416	182	8	13
416	182	7	10
416	182	8	12
416	181	12	13
415	182	9	11
417	182	7	14
417	181	6	14
417	182	6	12
416	184	7	14
417	182	7	12
417	183	9	13
417	183	6	10
417	185	6	9
418	185	6	10
417	185	5	8
417	185	5	7
418	184	5	9
417	184	5	8
418	185	5	7
418	184	5	8
418	184	5	8
417	183	5	8
417	182	5	10
418	184	5	8
417	182	5	8
417	183	5	10
417	183	6	9
417	182	6	10
417	182	6	9
417	183	5	9
417	183	7	10
423	184	7	8
423	183	8	9
420	183	10	10
422	184	8	9
418	183	11	10
418	181	12	11
416	182	16	19
414	181	15	18
409	178	20	17
404	178	24	24
382	181	15	13
382	182	15	12
382	182	15	12
383	182	15	12
383	181	15	12
383	182	15	12
383	182	15	12
384	182	15	12
383	182	15	12
384	182	15	12
384	182	15	12
384	182	15	12
384	182	14	12
385	182	14	12
384	182	14	12
385	182	14	12
385	183	15	12
385	182	15	11
386	182	14	12
386	182	14	11
386	183	14	11
386	183	14	11
386	182	14	12
386	182	14	12
387	182	14	11
387	182	14	11
387	182	14	11
387	183	14	11
387	182	14	12
388	183	14	11
388	182	14	11
388	183	14	10
388	182	14	11
388	182	14	12
389	183	13	11
389	181	14	12
389	181	14	12
391	180	18	15
389	180	18	14
390	180	24	16
390	179	24	16
391	181	15	14
390	180	22	15
390	179	23	15
391	179	23	15
391	180	24	15
391	179	17	15
390	178	17	15
391	178	18	14
391	180	16	13
391	181	15	13
391	180	16	13
391	179	23	14
392	179	18	14
392	179	16	14
392	180	16	13
392	179	16	14
392	179	22	14
393	178	17	15
393	180	19	13
392	179	21	14
393	178	20	15
393	178	18	14
393	179	19	14
394	179	14	14
394	180	13	13
394	179	15	13
394	179	20	13
393	178	19	15
394	180	17	13
395	179	15	13
395	181	14	12
395	180	14	13
395	180	15	12
395	179	16	13
394	180	15	13
395	179	15	13
395	180	17	13
396	181	16	12
396	180	13	13
396	180	14	12
396	180	13	12
396	180	15	13
395	180	16	14
373	172	51	43
355	183	23	37
356	184	22	35
357	185	21	35
358	185	22	34
359	184	22	34
360	185	21	34
361	185	20	33
361	186	20	32
363	186	18	31
363	186	19	31
364	187	18	30
365	187	17	30
366	187	17	29
367	187	17	28
367	186	18	29
368	186	17	29
368	186	18	29
369	185	17	28
369	185	18	29
370	186	18	28
371	186	17	28
371	185	17	28
372	185	17	27
372	184	17	27
373	185	15	27
374	186	16	26
375	186	15	26
376	186	15	25
376	186	15	25
377	186	14	25
376	185	16	26
377	186	16	25
378	185	15	25
378	185	15	25
379	185	15	25
380	185	14	24
380	185	14	24
380	185	14	24
381	186	13	23
382	186	13	23
382	187	13	22
383	188	12	21
383	187	12	21
384	187	12	21
384	187	12	21
