146	174	119	62
151	173	116	61
156	173	113	60
160	173	111	59
165	173	109	58
169	174	107	57
173	174	105	56
178	174	103	55
182	175	101	55
185	175	99	54
188	175	98	53
192	175	96	52
196	176	94	52
199	175	92	51
203	175	90	50
206	176	88	50
209	176	86	50
216	176	80	48
222	175	76	48
225	175	74	47
227	175	73	47
229	175	73	46
233	175	70	46
232	176	72	45
232	176	73	45
232	176	75	44
238	176	70	43
237	177	74	42
239	177	72	43
241	177	71	43
243	177	70	43
246	177	69	42
247	177	68	42
249	177	67	41
252	177	62	41
253	177	63	40
255	177	59	40
257	177	57	39
259	177	57	38
262	177	54	39
262	177	50	38
264	177	52	37
266	177	50	37
267	178	48	37
268	177	52	36
269	178	50	36
271	178	51	36
273	177	51	35
274	178	52	35
275	178	53	35
277	178	53	35
278	178	54	34
279	178	54	34
281	178	53	33
282	179	53	33
283	179	52	33
284	178	51	33
286	179	51	32
287	179	50	32
288	178	50	32
289	179	50	32
290	179	49	31
291	179	49	31
292	178	48	31
293	179	48	31
295	179	47	31
295	179	47	30
297	179	46	30
298	180	46	30
298	179	46	29
299	179	45	29
300	179	45	29
301	180	44	29
302	179	44	28
303	180	43	28
304	179	43	28
304	180	43	28
306	180	42	28
306	180	42	27
307	179	42	27
308	180	42	27
309	180	41	27
309	180	41	26
310	180	40	26
312	180	40	26
312	180	40	26
313	180	39	26
314	180	39	26
314	181	39	25
315	180	38	25
316	180	38	25
317	180	38	25
317	180	37	25
318	180	37	25
318	180	37	25
319	180	37	24
320	180	36	24
321	180	36	25
322	180	35	24
324	180	33	24
326	180	32	24
324	180	34	24
326	179	33	24
328	180	31	24
330	179	30	24
332	179	28	24
333	180	28	23
335	180	26	23
335	181	26	23
337	180	24	22
336	181	26	22
328	180	33	24
320	179	40	26
318	179	45	32
244	175	74	52
240	175	78	50
245	174	77	51
248	175	74	49
253	176	73	47
258	175	71	47
261	175	68	46
264	175	68	46
268	175	66	45
271	176	64	44
275	176	63	43
278	175	62	43
281	176	60	41
283	176	58	41
286	176	57	40
288	177	56	39
291	177	55	39
294	177	53	38
296	178	53	37
298	177	52	36
299	177	50	36
303	178	50	35
304	178	49	34
306	178	48	34
308	178	47	33
310	179	46	33
312	179	46	32
313	179	44	32
315	179	45	32
317	179	43	31
319	179	43	31
320	178	41	31
322	178	41	31
323	179	40	30
324	179	40	29
325	180	39	28
327	180	38	28
328	180	38	28
329	179	37	28
330	179	37	28
332	180	36	27
333	179	36	27
333	180	36	26
334	179	35	26
336	180	34	26
336	180	34	26
337	180	34	25
339	180	33	25
339	180	32	25
339	180	32	24
340	180	32	24
341	180	32	23
342	180	31	23
342	180	31	24
343	181	30	23
344	180	30	23
345	181	30	23
345	180	29	23
346	181	29	22
347	181	29	22
347	181	28	22
348	181	28	21
349	181	28	21
348	181	28	21
349	181	28	21
350	181	27	21
350	181	26	21
351	181	26	20
351	181	26	20
352	180	26	20
352	180	26	20
352	181	26	19
353	181	25	19
353	181	25	19
354	181	26	18
354	181	24	19
354	180	24	19
355	182	24	18
355	181	24	18
356	181	24	18
356	181	24	18
356	181	24	18
357	182	24	18
357	182	23	17
357	182	23	17
358	181	23	18
358	182	23	17
358	182	23	17
359	182	23	17
359	183	23	17
360	182	23	17
360	182	23	17
360	182	23	17
361	182	22	17
361	182	23	16
362	182	22	16
362	181	22	17
363	182	22	16
363	182	22	16
363	182	22	16
365	182	22	16
365	182	21	16
366	182	22	16
366	182	21	16
367	182	22	16
366	181	22	16
367	182	21	15
368	182	22	16
368	182	21	16
369	181	21	16
369	182	21	15
370	181	21	15
370	182	21	15
371	181	22	16
370	180	24	18
365	173	33	32
301	175	47	34
303	175	46	33
308	175	44	33
310	175	42	32
311	175	42	32
312	175	42	32
312	175	42	31
315	175	41	31
317	176	41	31
317	176	41	31
319	175	40	31
321	175	39	30
317	175	42	32
249	163	95	85
204	167	143	85
208	167	142	84
212	168	138	83
216	169	136	82
220	168	135	82
225	168	132	81
229	169	130	79
232	169	129	78
236	169	128	77
239	169	125	76
242	170	122	76
246	169	119	75
250	169	117	74
253	170	115	73
254	170	114	72
258	171	112	71
260	170	110	69
264	171	108	69
266	171	108	68
268	171	106	67
271	172	105	66
274	171	103	65
275	171	103	64
279	172	99	63
282	171	98	62
283	172	98	61
288	172	95	61
287	172	95	60
291	173	92	60
292	173	92	59
294	173	91	58
298	173	87	58
299	173	87	57
302	173	85	57
303	173	86	56
306	173	83	56
307	173	83	55
308	174	82	54
311	173	80	53
312	173	80	53
314	173	78	53
316	174	78	52
317	174	76	52
319	174	75	51
320	174	74	50
322	173	73	50
323	173	72	50
325	174	72	49
327	174	70	48
328	174	69	48
330	175	69	48
331	174	68	47
332	175	67	47
333	175	67	46
335	175	66	45
336	175	65	45
337	175	64	45
339	175	64	45
339	175	63	45
341	176	62	44
341	175	62	44
343	175	61	43
343	175	60	43
345	175	59	42
346	176	59	42
348	175	58	41
348	176	58	42
349	176	57	40
349	176	57	41
351	176	56	40
352	176	55	40
352	176	56	40
353	176	55	39
355	177	54	39
355	177	54	39
356	176	55	38
356	177	54	38
357	176	53	38
358	177	53	38
360	177	52	37
360	177	51	37
360	177	51	37
362	177	50	36
363	177	49	36
363	177	49	35
363	178	49	36
364	177	48	35
364	177	48	35
365	177	47	35
367	177	46	34
367	178	46	34
367	177	46	34
368	177	46	34
368	177	45	34
369	178	45	34
370	177	45	33
370	178	44	33
370	178	44	32
371	178	43	32
371	178	43	32
372	178	43	32
372	178	42	32
373	178	42	31
373	178	42	31
375	178	42	31
375	179	41	31
375	178	41	30
375	178	40	31
376	178	40	31
376	178	40	30
377	179	39	30
377	179	39	29
378	179	38	30
378	178	39	30
379	179	38	29
379	178	38	29
380	179	37	29
380	179	37	29
380	179	37	28
381	179	36	28
