255	156	28	29
254	156	27	28
254	156	26	28
254	156	26	28
254	156	26	28
254	155	26	29
255	156	26	28
255	156	26	28
255	156	26	28
255	155	26	29
255	156	26	28
255	155	26	29
255	156	26	28
255	155	26	29
254	156	26	28
255	155	26	29
254	156	26	28
254	156	26	28
255	156	26	29
254	155	26	28
255	155	26	29
254	156	26	28
255	156	26	29
254	155	26	28
254	155	26	28
254	156	26	28
254	156	26	28
255	156	26	28
255	156	26	28
255	155	26	29
255	156	26	28
255	156	26	28
255	156	26	28
254	155	26	28
254	155	26	28
254	155	26	28
254	155	26	28
254	155	26	28
254	155	26	28
254	155	26	28
255	156	26	28
255	155	26	28
255	155	26	28
255	155	26	28
255	155	26	28
255	155	26	28
254	156	26	28
254	156	27	28
254	155	27	28
255	156	27	29
255	156	27	29
257	158	28	28
259	159	27	29
261	162	27	28
264	164	27	28
264	165	27	29
264	166	27	28
265	166	27	29
265	166	26	29
266	166	26	28
266	166	26	28
264	166	26	28
264	165	27	28
263	166	27	28
263	166	27	28
261	165	27	28
260	163	27	27
258	162	27	27
256	161	27	27
255	159	27	27
254	157	27	27
253	155	27	27
251	151	27	27
248	145	27	27
246	142	27	27
245	140	27	27
245	141	27	27
246	140	27	27
246	139	27	27
246	138	27	27
246	137	27	27
246	136	27	27
247	134	27	27
248	133	28	27
249	130	28	28
250	129	28	28
251	128	28	28
251	128	28	28
253	128	28	28
253	129	28	28
253	129	27	27
253	129	28	27
252	130	27	27
252	130	27	28
252	131	27	28
252	133	27	27
251	134	27	27
250	136	27	27
250	136	27	27
250	136	27	27
250	136	27	27
251	134	27	27
251	133	27	27
251	133	27	27
253	131	27	27
253	132	27	27
253	131	27	27
253	132	26	27
253	131	27	27
253	131	27	27
253	130	27	27
253	129	27	27
254	129	27	27
254	129	27	27
254	129	27	27
254	128	27	27
255	127	27	27
255	128	27	28
260	135	27	28
263	139	27	28
265	140	27	28
266	141	27	28
267	141	27	28
267	140	27	28
269	139	27	28
273	142	27	28
274	141	27	29
275	140	27	28
275	138	27	28
275	136	27	28
274	134	26	29
273	133	27	28
274	133	27	28
273	133	27	28
271	132	27	28
270	132	27	28
268	133	27	28
266	132	27	28
265	133	27	28
265	134	27	28
264	136	26	28
263	138	27	28
262	139	26	28
259	142	26	28
258	143	27	28
258	144	27	28
259	145	27	28
257	147	27	27
256	147	27	28
255	146	27	28
253	146	27	28
250	145	28	28
249	144	27	29
247	143	27	28
246	142	27	28
246	141	27	29
246	140	27	28
246	138	27	28
247	137	27	29
248	136	27	28
248	134	27	28
250	132	27	29
252	131	27	29
254	130	27	28
255	129	27	29
259	134	27	28
261	134	27	28
263	136	27	28
264	135	28	29
264	135	28	28
264	135	27	29
263	135	27	28
261	132	28	29
259	130	28	29
257	128	28	29
255	128	28	29
253	128	28	29
251	128	28	29
249	128	28	29
247	128	28	29
245	130	28	29
243	132	27	28
242	133	27	28
241	134	28	28
240	136	27	28
239	138	27	28
238	140	27	29
238	142	27	28
237	143	28	28
237	145	27	28
236	146	27	28
236	148	27	28
235	149	27	28
235	152	27	28
236	154	27	28
243	155	23	26
289	160	27	28
288	160	28	29
288	161	28	29
288	161	28	29
290	161	27	29
289	161	28	29
289	162	28	29
289	160	28	28
289	160	28	29
252	161	14	16
249	159	17	21
243	158	23	27
238	159	25	28
236	159	27	28
236	159	27	28
236	159	28	28
236	159	27	28
236	159	28	28
237	159	27	28
237	159	27	28
237	159	27	28
236	159	28	28
236	159	27	28
236	159	27	28
237	159	27	28
237	159	28	28
236	159	28	28
236	158	28	28
237	158	28	28
237	159	28	28
236	159	28	28
236	159	28	28
237	159	28	28
237	159	28	28
236	159	28	28
237	159	28	28
237	158	28	28
237	158	28	28
236	159	28	28
237	158	28	28
236	159	28	28
237	159	28	28
237	159	28	28
237	158	28	28
237	158	28	28
237	159	28	28
237	158	28	28
236	159	28	28
236	159	28	28
236	159	28	28
237	159	28	28
236	159	28	28
237	160	28	28
236	160	28	28
236	161	28	28
235	161	28	28
236	160	28	28
235	161	28	27
235	161	28	27
236	161	27	27
234	161	27	27
235	162	27	27
234	161	27	27
234	162	27	27
234	162	26	27
235	162	26	27
239	163	27	27
243	165	26	26
244	165	27	26
245	166	27	27
246	166	27	27
246	166	27	28
246	166	27	28
245	165	28	28
246	164	27	28
247	163	27	28
246	163	27	29
247	164	27	28
247	164	27	28
246	163	28	29
247	164	27	29
249	165	28	29
250	167	27	29
251	168	28	29
251	171	28	29
252	174	28	29
251	175	28	29
250	176	28	29
249	177	28	29
250	178	28	29
251	177	28	29
250	178	28	28
250	179	28	28
251	179	28	29
250	179	28	28
250	179	28	28
246	180	28	29
243	177	26	28
241	174	26	28
241	171	26	27
241	172	26	28
241	171	26	28
241	172	26	29
241	172	26	28
240	171	26	28
241	172	26	28
241	172	26	28
240	172	26	28
240	172	26	28
240	172	26	28
241	171	27	28
240	172	26	28
240	171	26	27
240	172	27	29
241	172	26	28
240	172	26	28
240	171	26	29
241	172	26	29
241	171	26	27
241	171	26	28
241	171	26	28
240	172	26	29
241	172	27	28
241	171	26	28
241	171	26	29
240	172	26	29
241	172	26	28
241	172	27	28
241	172	26	28
241	172	26	28
241	172	27	28
241	172	26	28
240	172	26	28
241	171	26	28
241	172	26	28
240	172	25	28
241	172	26	28
241	173	26	29
241	172	26	27
240	170	27	26
240	170	26	27
240	170	26	27
241	170	26	27
241	170	26	27
240	170	26	26
241	170	26	27
240	170	26	27
237	170	31	29
234	177	29	25
221	163	50	49
188	204	26	25
188	184	62	48
238	168	26	32
240	170	26	27
240	170	26	27
241	171	26	28
242	174	26	27
242	172	26	27
242	171	26	28
241	173	26	29
241	173	25	30
241	171	27	23
242	172	27	22
239	172	29	16
245	166	24	11
251	163	26	9
256	162	23	31
269	157	30	31
285	149	28	29
290	143	31	36
291	147	31	31
294	152	30	30
294	155	30	31
294	154	29	31
294	155	29	30
294	154	29	30
294	154	29	30
294	153	29	30
294	154	28	30
293	154	29	30
293	161	31	24
292	165	30	19
292	167	30	18
292	162	31	22
293	158	28	27
294	155	28	29
293	155	28	30
292	156	30	29
294	156	29	29
294	154	29	30
294	154	29	30
294	155	29	31
294	154	29	30
294	154	29	31
295	155	29	31
295	154	29	31
294	155	29	30
294	153	29	31
294	154	29	30
294	155	29	31
294	154	29	31
294	154	29	30
294	155	29	30
294	153	29	31
