130	31	94	121
129	31	94	119
129	31	94	119
129	30	95	120
129	30	95	120
130	31	95	120
130	30	95	120
130	31	95	119
130	31	94	119
130	30	95	119
129	31	95	119
129	31	95	120
130	30	94	120
129	30	95	120
130	30	95	120
130	31	94	119
129	30	95	120
129	31	95	119
130	31	94	120
129	30	95	119
130	31	95	119
129	31	95	119
129	30	95	119
129	31	95	119
129	31	95	120
129	30	95	120
129	30	95	120
129	31	96	119
129	30	96	119
129	30	96	119
129	31	96	119
129	30	96	119
129	30	97	119
129	31	97	119
129	30	97	119
129	31	97	119
129	30	98	120
129	29	97	120
129	30	98	119
130	30	98	119
128	31	99	118
129	31	98	119
130	30	98	119
130	31	98	119
129	30	99	119
129	31	99	119
129	30	99	119
129	31	100	118
128	30	100	119
129	30	101	119
128	31	100	118
129	31	100	118
129	31	101	118
129	31	100	119
129	30	101	119
129	31	102	119
129	31	103	119
129	31	102	119
128	31	103	119
129	30	103	119
129	31	103	119
128	30	104	119
129	30	103	119
128	30	104	118
129	30	104	119
129	31	105	118
129	30	105	118
128	30	106	119
128	30	105	119
128	31	105	119
128	30	106	119
129	30	106	119
129	30	107	119
129	30	106	119
129	30	107	119
129	30	107	118
128	31	107	118
128	30	108	118
129	31	107	118
128	31	108	118
128	30	109	119
128	30	109	119
128	31	109	119
128	30	109	119
128	30	110	119
129	30	110	119
128	30	109	119
129	30	110	119
129	30	110	119
129	30	110	118
128	30	110	119
128	30	110	119
128	30	111	118
128	30	111	119
128	30	112	119
128	30	112	119
128	30	112	118
128	30	112	118
128	30	112	118
128	30	113	118
129	31	113	118
128	30	114	118
127	30	115	118
128	30	114	119
128	31	115	118
129	30	114	119
128	31	115	119
127	30	117	119
128	30	116	119
128	30	116	119
126	30	117	118
127	31	116	118
126	30	117	118
127	30	116	118
127	31	117	118
128	30	116	119
127	31	117	119
127	30	118	118
127	30	118	119
127	30	118	119
127	30	118	118
127	30	118	118
127	31	118	118
126	30	120	119
128	30	118	119
127	30	118	119
127	31	119	118
127	30	118	118
127	30	120	119
127	31	119	119
128	30	119	119
127	30	119	119
127	30	119	119
127	30	120	119
127	30	120	119
127	30	120	119
127	30	120	118
127	31	121	119
131	30	117	117
130	31	118	118
130	30	117	118
131	30	117	117
131	32	117	117
130	31	119	118
131	31	119	118
130	30	118	116
130	31	118	117
129	31	119	117
131	31	119	116
130	31	118	117
131	31	119	117
131	31	118	117
131	30	119	118
131	30	119	117
130	31	119	116
130	31	119	117
131	31	120	117
131	31	118	116
130	31	120	117
131	31	119	117
131	31	119	116
131	31	119	116
131	31	120	117
131	31	120	115
130	31	121	115
131	31	120	117
130	30	120	117
131	31	119	116
131	31	120	116
130	31	120	116
130	30	120	115
131	31	120	117
131	31	120	116
131	31	121	116
131	30	121	117
132	31	122	117
131	31	121	115
131	31	121	116
132	31	121	117
131	30	121	116
130	31	122	115
131	31	122	116
131	31	122	117
132	31	122	117
132	32	120	117
132	31	120	117
132	31	120	117
132	31	121	117
132	31	121	117
131	31	121	117
132	31	122	118
131	30	121	117
131	31	120	118
132	31	122	116
132	31	121	117
132	31	120	117
131	30	121	117
132	31	120	118
132	31	121	118
132	30	121	117
132	30	121	116
133	30	120	117
132	31	121	117
132	30	120	117
133	30	119	116
133	31	120	117
133	30	120	118
132	30	120	118
132	31	121	118
133	30	121	117
134	31	121	118
134	30	120	116
135	31	120	118
134	30	121	118
134	30	120	119
135	30	120	119
135	30	120	119
135	30	120	118
135	30	119	118
135	30	118	117
135	30	118	118
136	30	118	118
137	30	119	118
136	30	120	117
136	30	119	118
136	30	118	118
137	31	116	118
137	30	117	118
137	30	117	118
137	30	117	118
137	30	117	118
137	30	118	117
138	30	119	118
137	30	116	117
138	30	116	118
138	31	116	117
138	30	116	119
139	31	116	117
138	29	116	119
140	31	117	118
139	31	116	118
140	30	116	118
139	29	115	118
139	31	114	118
139	30	116	118
139	30	116	118
140	30	115	118
139	30	115	118
140	31	115	118
140	30	114	119
140	30	114	118
140	30	115	118
140	30	114	118
141	31	115	118
141	30	115	119
142	30	114	119
142	30	114	119
141	30	113	119
142	30	113	119
142	30	114	119
142	30	110	120
142	30	113	120
143	30	113	119
143	29	112	119
142	30	111	119
142	30	113	119
142	30	113	120
143	30	109	120
144	30	111	119
143	30	111	119
144	30	111	119
143	31	112	118
144	30	111	118
143	31	112	120
144	30	112	119
144	30	110	119
144	30	110	119
143	30	109	118
144	31	110	120
143	31	110	118
144	30	111	120
144	30	110	120
144	30	110	120
144	30	111	119
144	30	109	121
145	31	110	119
145	30	107	118
144	30	111	121
144	30	111	119
145	31	111	120
145	31	107	119
145	30	109	119
145	30	108	119
145	30	109	119
145	30	109	118
146	30	108	119
146	30	109	120
145	31	110	120
146	30	107	121
145	31	107	120
145	31	109	120
146	30	108	120
145	31	108	119
146	30	109	119
145	30	109	121
146	30	107	120
146	31	107	120
146	30	107	120
146	30	109	120
146	30	107	119
146	30	109	120
146	30	109	120
146	31	109	119
147	30	107	120
146	31	107	119
146	31	107	119
146	31	109	120
146	30	107	120
145	30	107	119
146	31	108	120
147	31	107	120
146	30	108	120
146	31	107	121
146	30	109	119
146	31	108	120
146	31	107	119
146	30	110	120
146	30	107	120
147	30	108	119
146	31	108	120
146	31	108	118
146	30	107	120
146	31	108	120
146	30	108	119
146	30	108	120
146	31	107	120
146	30	108	120
145	31	110	121
146	31	107	120
146	31	109	120
146	31	109	121
146	30	108	121
146	31	111	120
145	30	108	120
145	31	111	120
145	31	109	120
146	30	109	120
145	31	110	119
145	30	108	120
144	31	110	119
144	30	109	120
144	30	109	120
145	31	109	121
145	30	108	120
145	30	108	119
145	30	108	120
144	30	109	120
144	31	110	120
145	31	108	121
144	31	109	120
144	30	109	119
144	31	110	119
144	30	110	119
143	31	110	119
143	31	111	120
144	30	111	120
144	30	109	120
144	30	110	120
143	30	109	120
143	30	111	120
143	31	110	120
143	30	111	120
143	30	112	120
143	30	111	119
143	31	111	119
142	30	111	120
142	30	111	120
143	31	111	119
142	30	112	120
142	31	112	119
141	30	112	119
142	30	113	119
142	31	111	119
141	31	112	120
141	30	112	120
141	30	112	120
141	30	113	120
141	30	114	120
140	30	113	119
140	31	114	119
140	30	113	119
140	31	113	118
140	31	114	119
140	30	115	119
140	30	115	119
139	30	116	119
139	30	116	119
139	31	114	118
139	30	115	118
139	31	116	118
138	30	116	118
138	31	116	118
138	30	116	118
138	31	117	118
138	31	117	118
138	31	117	118
138	30	117	118
137	31	116	118
137	31	117	118
137	31	118	118
136	30	118	118
136	30	118	118
137	30	117	118
136	30	118	118
135	31	119	118
136	30	118	118
135	31	119	118
136	31	119	118
135	30	119	119
135	31	119	118
135	31	120	118
134	31	120	118
135	31	119	118
135	31	119	118
134	30	120	118
134	30	121	119
134	30	121	118
134	31	120	118
133	31	121	119
134	31	120	118
133	31	121	118
133	30	121	119
132	30	121	118
133	31	121	118
132	31	121	118
133	31	121	117
133	31	120	118
133	30	121	118
133	30	121	118
132	31	121	118
132	30	122	118
132	30	121	118
132	31	122	118
132	31	121	118
132	31	121	118
132	31	121	118
132	31	121	118
132	31	121	118
132	31	121	118
132	31	121	118
131	31	122	118
131	30	122	118
131	31	122	118
131	31	122	118
131	31	123	118
131	31	122	118
131	30	123	119
130	30	123	118
131	31	122	118
131	31	123	118
131	31	123	118
131	31	123	118
130	30	122	119
130	31	123	118
131	30	123	117
130	30	123	118
129	30	123	118
130	30	122	118
129	31	123	118
129	31	123	118
130	31	122	118
131	31	122	117
131	31	121	115
130	31	121	116
131	31	121	116
132	32	121	115
131	31	121	116
131	31	121	117
130	31	121	116
131	31	121	116
130	31	122	115
131	31	120	116
131	31	120	116
131	31	120	115
130	30	120	117
131	31	119	116
130	31	121	116
131	31	119	117
131	30	120	118
130	31	120	116
131	31	120	118
130	31	119	116
130	31	119	115
130	32	119	115
130	31	119	116
131	31	119	116
130	30	118	116
130	31	119	117
131	31	119	117
131	31	118	116
