87	62	61	66
89	58	57	70
89	58	56	70
90	58	57	70
89	58	56	70
89	58	56	70
89	59	56	70
88	58	56	70
87	59	57	70
86	60	57	70
85	60	57	70
83	60	57	70
81	61	58	70
80	61	59	69
77	61	60	69
76	61	61	70
73	61	61	70
71	61	60	70
68	61	59	71
67	62	58	70
63	61	58	71
61	61	59	71
58	61	59	71
56	60	59	72
53	59	59	72
50	59	60	72
46	59	60	72
44	59	60	71
40	59	61	71
37	59	61	71
33	59	61	71
30	59	61	71
26	58	62	71
23	58	63	71
20	57	63	71
16	57	63	70
13	57	63	70
12	57	63	69
10	56	64	70
9	56	64	70
9	56	63	71
9	56	63	70
9	55	63	70
9	56	64	70
9	55	63	70
8	56	63	70
6	55	64	70
5	55	64	70
5	56	63	70
4	55	63	70
3	55	64	69
3	54	64	70
2	55	64	70
2	53	64	70
2	55	64	69
3	54	63	70
5	55	63	69
7	54	63	70
7	55	63	70
8	55	63	70
9	55	63	70
11	55	63	70
13	54	63	70
16	55	62	69
18	55	62	69
21	55	62	70
26	55	61	70
29	55	60	70
33	55	61	70
36	55	60	70
39	55	61	70
43	54	60	70
46	54	60	71
51	54	59	71
56	54	59	71
60	53	59	71
64	53	59	71
68	54	59	71
71	53	59	71
75	53	59	72
78	54	60	72
81	54	59	72
84	53	58	72
87	54	57	72
90	54	57	73
92	53	57	73
94	53	57	73
95	52	57	74
97	52	57	74
99	52	57	74
100	51	57	73
101	51	56	73
103	51	56	73
105	51	57	72
105	51	56	71
106	51	56	71
108	50	56	71
109	50	57	70
111	50	57	71
113	50	57	71
114	49	57	70
116	48	58	70
118	48	58	70
120	48	58	71
120	47	59	71
123	46	58	71
123	46	58	71
123	45	58	71
123	45	58	71
123	45	58	72
124	46	57	71
123	46	58	71
125	46	57	71
125	45	58	71
124	45	58	71
126	46	57	71
126	45	57	71
126	46	57	71
125	46	57	71
125	46	57	72
125	44	58	73
125	44	58	73
123	44	58	73
122	45	59	73
120	45	59	73
116	45	59	74
114	45	59	76
110	46	60	77
107	46	60	76
106	46	60	78
103	46	60	78
101	45	62	79
99	44	62	79
96	44	63	80
95	43	63	81
95	41	63	81
93	40	64	83
93	39	64	84
93	38	65	85
92	37	65	84
91	38	65	85
91	37	66	86
90	37	66	86
89	38	65	85
88	36	66	86
87	36	67	87
86	35	66	87
85	34	66	87
84	34	67	87
83	33	67	87
82	32	67	87
81	32	68	89
80	32	69	88
79	30	69	89
77	29	70	89
77	28	71	90
77	27	71	90
75	26	72	90
75	26	71	91
74	25	71	91
73	25	72	91
72	25	72	92
71	25	72	91
70	26	72	91
71	26	73	90
71	27	71	91
73	29	71	91
74	31	70	89
75	33	70	89
76	35	69	88
77	37	67	86
78	39	67	85
78	42	67	83
80	45	65	81
81	47	64	80
82	49	63	79
84	50	62	78
85	50	62	76
86	53	60	76
87	52	60	75
88	53	59	74
88	54	59	74
88	54	59	73
88	55	59	73
87	55	59	72
86	56	59	72
87	56	59	72
88	57	58	72
88	57	58	71
89	57	58	71
90	57	58	71
92	58	58	71
94	57	59	71
97	57	59	71
99	57	58	71
102	55	58	71
103	55	58	70
104	54	57	71
104	53	57	70
104	54	57	70
104	53	57	70
104	53	57	69
104	52	57	70
104	52	58	70
106	50	57	70
106	50	57	70
106	50	57	70
106	48	58	70
107	48	59	70
109	47	58	70
110	47	58	70
111	46	58	70
112	46	58	71
111	46	58	70
109	46	58	70
107	47	59	70
106	48	58	70
105	47	58	70
104	48	57	70
103	48	57	71
102	47	57	71
102	48	58	71
101	48	58	72
97	48	61	72
94	48	62	73
93	48	59	73
93	49	59	75
93	49	59	74
93	50	59	73
94	50	59	73
94	50	58	72
94	50	58	73
94	50	58	74
95	50	58	72
95	50	60	73
97	49	60	71
102	48	58	71
104	48	58	70
105	46	58	69
107	46	59	70
108	45	58	70
110	45	57	71
111	43	57	71
114	42	57	71
115	42	57	71
116	43	57	71
117	42	57	71
117	42	57	71
118	41	56	71
118	42	56	71
118	42	56	71
119	42	55	70
119	42	56	70
120	42	57	69
121	42	58	69
123	42	58	69
124	41	58	69
125	43	58	68
125	42	58	69
125	42	59	69
124	41	59	70
122	44	59	68
121	44	59	70
120	45	59	70
121	44	59	69
123	45	59	70
127	47	57	68
128	47	58	67
130	46	59	67
131	45	59	66
130	45	59	67
130	45	59	67
128	44	59	69
126	45	58	67
125	45	59	69
124	44	59	70
121	45	59	70
120	45	58	71
118	45	58	71
118	44	57	71
117	45	57	71
117	44	59	71
118	44	57	71
119	43	57	71
117	43	57	72
115	43	57	72
113	41	58	73
113	39	58	74
112	37	59	74
112	35	60	75
112	34	61	75
112	33	61	75
112	31	62	75
113	29	62	75
114	27	63	76
115	24	63	77
117	24	63	76
117	22	63	76
120	22	64	77
122	20	64	77
123	20	64	76
125	18	65	77
127	16	64	79
130	16	63	78
131	14	63	78
132	14	64	78
135	13	65	79
139	11	66	77
141	10	69	78
144	8	68	78
145	7	69	81
147	7	70	78
147	5	66	79
149	6	70	77
151	4	67	78
151	3	67	79
153	3	67	78
153	2	67	79
152	2	66	80
149	4	67	81
145	6	72	84
142	8	72	81
140	10	71	79
136	11	64	81
133	11	65	81
132	13	64	79
131	14	63	78
129	16	63	77
127	16	62	78
125	19	62	77
123	19	62	77
120	21	63	77
119	21	62	76
117	22	63	76
114	24	63	76
112	26	62	76
110	26	62	76
109	26	62	76
108	27	61	75
109	27	61	76
109	26	61	76
109	26	60	75
110	27	60	75
110	26	61	75
111	27	60	74
110	26	60	74
109	27	59	74
107	28	59	73
105	29	59	72
103	30	58	72
101	31	57	71
97	32	57	70
94	34	57	70
92	35	56	68
91	35	56	68
89	35	55	68
88	35	55	68
88	35	56	68
90	34	57	69
91	34	58	69
92	34	57	69
92	34	58	69
92	32	58	69
91	32	58	70
92	32	58	69
92	32	59	69
92	32	58	69
93	33	58	68
93	32	57	68
92	29	57	68
93	28	57	68
94	27	56	69
96	27	55	69
95	28	56	69
99	28	54	68
100	28	54	68
101	28	56	68
103	27	57	69
107	25	59	69
111	23	59	70
115	23	59	71
118	22	58	70
119	24	59	70
121	25	59	70
124	26	63	70
127	27	68	72
133	28	68	71
138	28	66	73
143	29	60	76
142	29	61	78
141	31	62	75
137	33	65	75
124	38	63	72
118	43	61	72
112	48	60	71
106	52	59	71
99	55	59	75
95	59	57	74
90	63	56	72
88	66	56	70
86	66	57	69
