253	192	47	41
252	199	49	37
252	205	50	36
253	209	49	37
254	216	48	34
254	222	46	31
255	224	45	30
255	227	45	24
254	227	44	21
253	226	45	20
253	225	46	24
253	222	45	29
251	221	47	32
250	216	49	32
250	215	49	33
250	211	49	31
250	209	49	33
249	206	49	33
250	202	50	34
250	200	50	33
250	198	50	33
248	196	51	31
248	193	51	31
248	190	51	34
249	188	50	34
249	185	50	36
249	183	50	35
250	180	49	36
250	177	48	38
249	175	49	38
249	172	48	39
249	170	48	39
249	167	46	40
249	164	44	41
249	162	43	43
248	160	42	44
249	157	40	45
250	156	37	47
250	155	36	45
249	155	35	46
250	153	34	45
249	153	34	46
250	152	33	47
249	151	34	45
246	150	38	45
243	149	39	45
239	148	48	44
235	148	49	44
233	147	56	42
230	147	53	40
228	145	55	39
228	144	55	38
228	143	54	38
227	141	51	37
226	142	55	35
227	143	50	33
228	143	48	31
230	144	47	32
230	145	47	31
229	145	47	31
230	144	48	32
228	144	48	32
227	144	49	31
227	144	48	31
226	143	48	31
225	142	48	32
223	142	49	33
221	141	52	33
218	140	50	35
217	138	57	37
216	137	52	38
216	134	49	38
217	134	49	40
218	133	49	41
218	131	49	43
217	130	49	44
217	129	49	45
218	127	49	45
219	126	50	43
220	124	49	44
221	124	48	43
221	124	47	41
222	124	46	38
222	124	46	37
222	125	46	36
223	125	45	35
224	125	46	38
227	128	44	31
228	129	41	29
231	126	35	36
230	124	32	40
230	122	32	44
230	119	34	47
230	118	34	48
229	117	34	46
228	118	35	45
226	119	36	44
225	120	37	42
225	121	37	42
224	122	35	42
224	124	33	42
224	126	41	45
225	127	34	43
224	127	51	43
226	127	32	45
225	129	32	43
225	131	31	43
224	134	33	44
224	136	33	43
225	137	33	43
225	139	32	43
223	140	36	43
221	143	43	45
219	147	44	45
218	149	43	46
218	152	43	46
220	153	42	45
222	155	38	44
222	157	46	44
222	159	37	43
222	159	39	44
221	160	47	44
220	163	41	44
218	166	40	45
217	168	42	46
217	170	46	47
218	174	43	46
219	176	41	46
219	178	43	47
221	179	40	45
222	177	39	45
223	174	39	45
224	166	45	45
223	158	34	43
222	142	33	44
221	124	32	44
222	99	33	43
224	76	33	44
229	58	32	50
232	46	33	60
235	35	33	68
238	32	33	67
241	29	32	44
243	30	33	46
247	36	34	48
251	46	34	49
256	61	35	51
260	79	37	57
261	97	44	51
267	109	50	46
273	121	52	37
276	125	51	40
278	128	51	42
279	134	51	41
276	138	51	39
273	142	51	42
269	143	50	45
264	143	49	46
262	143	47	45
260	142	46	46
259	142	45	47
257	141	43	47
256	140	41	50
256	140	40	50
256	140	38	48
256	139	38	47
256	139	38	47
255	139	38	47
256	140	38	46
256	141	37	45
256	141	37	44
255	140	38	43
256	141	37	41
254	143	36	38
254	143	36	36
253	144	37	33
252	142	37	34
251	139	33	34
250	137	35	38
249	134	32	41
248	133	31	43
247	130	31	45
246	128	32	47
245	128	32	47
243	126	33	48
238	125	37	48
232	123	38	48
227	122	47	46
225	120	59	44
225	119	54	44
226	118	47	43
226	116	48	42
227	115	49	40
226	116	50	38
224	117	57	39
224	119	49	36
223	119	56	35
222	119	58	34
221	120	52	36
221	122	55	35
221	123	53	34
219	124	54	37
220	125	49	36
220	123	55	37
219	125	55	36
219	126	48	35
219	125	56	37
217	126	52	38
218	127	55	39
218	130	54	40
217	132	57	42
219	138	56	43
219	143	59	47
224	151	64	50
228	158	52	53
234	163	50	56
240	165	58	62
243	177	45	54
245	169	53	64
242	183	45	49
238	161	56	64
233	161	46	54
227	140	65	56
222	125	61	43
224	108	48	34
228	85	48	38
230	64	52	47
234	49	50	56
240	41	39	49
244	38	34	44
243	35	42	48
244	39	48	48
246	48	49	44
253	64	45	34
256	75	46	37
259	91	49	47
263	112	48	46
269	120	49	46
275	127	47	48
276	135	47	49
280	141	46	49
283	144	45	52
282	148	46	51
281	154	47	50
278	154	48	51
277	154	47	48
275	154	47	48
273	151	45	46
269	146	44	45
264	141	44	45
258	134	44	46
252	127	44	46
250	120	44	46
246	112	45	46
244	107	43	46
243	104	44	45
242	101	41	45
241	99	43	45
241	97	44	45
240	97	41	45
240	97	43	46
239	96	44	45
240	96	43	45
239	95	45	46
238	95	43	46
238	94	45	46
239	94	42	46
239	95	43	45
239	94	44	46
239	93	44	46
239	92	42	46
239	92	43	46
238	90	42	46
238	90	42	47
237	88	42	48
239	86	41	48
240	86	40	49
241	83	40	48
241	82	40	48
242	82	41	49
242	81	41	50
242	79	40	50
242	78	39	52
244	77	39	53
244	77	39	52
244	78	39	48
244	78	38	47
245	78	38	50
244	78	38	48
245	78	37	46
246	78	37	46
246	78	36	45
245	79	37	46
245	80	37	45
244	82	37	45
243	84	38	48
241	86	39	48
239	89	40	48
238	91	41	48
235	94	41	48
235	97	41	48
234	99	43	48
233	101	44	48
232	102	46	48
232	103	48	51
233	103	44	47
231	103	46	48
232	104	45	46
232	103	50	45
231	102	47	45
231	101	46	40
231	99	31	31
232	96	34	32
232	92	31	31
232	87	40	38
232	85	45	45
231	82	48	46
233	82	46	47
233	82	43	47
233	83	40	47
233	86	39	48
232	90	37	48
231	94	37	48
230	98	37	48
229	102	37	48
228	105	39	47
228	107	40	47
227	108	38	47
227	108	39	48
226	108	43	49
228	107	39	48
227	107	39	47
228	106	39	47
228	105	39	48
228	104	40	47
229	104	38	49
229	103	37	47
229	103	39	46
229	101	40	47
229	101	40	46
229	101	40	45
229	98	39	45
230	96	40	45
230	95	39	45
232	93	38	45
233	91	39	44
232	90	40	45
232	88	40	45
234	86	39	45
235	85	37	45
238	83	35	45
240	81	33	46
241	80	34	46
242	78	33	46
243	75	33	45
243	72	33	47
243	73	33	46
244	77	35	45
244	85	35	46
244	98	39	46
246	114	41	57
247	135	42	46
251	134	40	47
255	136	39	45
258	137	37	44
257	139	38	46
252	144	42	49
249	150	44	47
248	155	46	48
248	159	44	48
249	161	43	48
249	165	44	47
249	167	45	47
246	169	50	49
248	169	45	47
245	171	48	46
243	173	43	47
241	172	45	45
240	173	47	46
240	172	46	46
240	171	43	44
238	171	45	45
238	171	40	46
237	172	40	45
237	172	42	45
236	172	40	46
236	174	50	46
235	175	42	46
235	176	40	46
235	178	42	46
236	181	41	47
236	183	43	47
235	185	42	47
236	187	43	49
237	189	40	49
237	191	41	47
237	193	40	46
238	195	41	47
239	196	40	46
239	198	41	48
240	199	42	47
241	203	40	47
243	204	40	47
244	207	40	50
244	209	42	48
244	212	40	49
246	215	42	48
247	218	40	48
247	219	41	49
248	222	42	48
249	222	42	47
248	223	42	46
249	221	41	48
248	213	42	54
245	211	41	49
243	201	40	50
240	188	38	50
237	168	44	50
234	143	43	51
236	117	38	50
236	90	43	52
242	68	41	50
244	49	43	48
247	35	46	48
250	24	48	48
