301	82	84	146
294	84	89	145
279	90	102	145
277	90	98	148
270	94	103	148
262	95	103	153
255	105	106	147
249	110	108	147
243	112	116	149
243	113	114	153
241	112	115	152
238	110	116	155
238	113	118	153
238	113	116	152
238	111	126	156
242	109	133	160
245	109	152	160
253	103	145	165
259	105	138	162
262	108	136	159
269	105	135	161
270	109	134	157
274	109	135	158
274	111	139	156
276	116	99	151
280	116	90	152
279	116	96	152
275	114	102	154
271	111	117	157
266	110	163	156
264	108	151	157
259	104	121	163
254	103	128	161
243	96	147	170
244	108	169	150
239	93	167	164
236	94	161	169
236	94	165	171
238	99	160	166
241	104	163	161
240	105	161	165
239	97	163	172
236	96	170	174
235	96	169	172
248	92	137	170
258	91	127	168
262	90	121	170
274	91	111	166
279	92	107	157
287	93	102	159
298	97	93	157
295	99	106	155
289	98	85	155
281	92	132	155
279	101	129	151
229	166	127	100
269	94	148	153
232	169	128	99
265	102	153	144
238	160	184	91
266	108	150	138
233	155	187	106
232	161	161	104
288	136	132	113
233	123	184	142
244	128	172	126
247	148	167	104
236	125	174	131
247	108	161	148
244	112	158	150
242	107	153	154
244	110	150	150
243	103	145	154
245	105	136	151
238	103	157	157
231	94	153	163
237	104	151	157
241	98	147	155
242	93	152	163
241	93	147	158
232	97	158	162
247	94	137	156
242	93	152	157
246	99	150	149
248	100	142	143
239	93	158	152
243	88	152	157
254	97	136	151
238	94	153	157
248	95	148	149
247	94	144	153
234	93	163	160
254	102	133	145
244	98	148	152
247	94	144	151
247	92	142	154
252	91	145	156
241	96	150	155
245	97	144	150
249	95	138	150
242	92	154	152
294	94	98	150
254	87	142	155
246	91	144	154
253	94	143	149
252	90	142	152
258	93	135	155
234	91	161	160
255	92	144	155
255	94	137	155
245	97	154	157
259	102	134	141
261	98	129	155
254	104	148	153
260	104	138	148
254	105	143	155
258	105	139	149
257	106	140	156
255	105	139	151
259	109	145	154
258	110	138	150
269	109	132	154
271	106	144	154
271	111	144	154
268	109	147	155
281	110	120	150
275	108	141	155
270	109	144	154
275	109	133	153
283	108	132	152
280	108	135	156
280	109	130	153
274	110	132	153
279	108	133	155
277	113	140	150
279	113	120	147
267	111	143	153
274	112	139	151
274	109	128	153
274	112	135	154
270	108	141	151
269	113	138	151
263	110	138	151
263	108	133	149
270	109	131	153
261	107	136	150
267	104	131	150
252	102	151	152
266	102	128	146
231	100	163	159
272	103	122	143
259	93	140	152
245	93	148	159
255	95	131	150
252	92	144	154
252	98	138	147
242	97	150	147
232	105	158	146
239	97	151	148
239	88	146	159
246	91	140	151
230	106	160	140
227	82	161	171
241	110	142	136
237	83	147	158
242	90	140	146
238	81	146	154
239	76	144	160
232	87	152	149
235	79	147	157
227	85	151	157
232	94	140	145
226	79	146	162
207	81	166	166
223	75	144	175
242	83	127	154
237	78	130	158
235	76	128	161
224	76	139	167
210	78	162	178
218	80	157	168
226	77	146	162
234	79	135	165
232	78	137	166
222	79	147	174
210	84	153	180
218	85	174	170
218	85	166	169
223	85	163	162
238	86	133	152
241	84	130	157
239	85	133	158
236	82	130	160
232	84	134	166
232	78	135	170
230	70	140	174
228	65	152	179
227	58	149	188
224	53	140	198
197	154	156	99
192	182	136	84
190	181	157	85
188	175	163	87
227	5	144	174
213	14	168	188
190	150	226	110
187	187	166	78
180	141	181	115
223	7	148	166
217	8	167	176
217	18	156	160
220	8	157	169
213	10	169	191
212	13	166	184
185	184	164	83
189	183	155	85
187	183	157	86
187	180	156	88
186	176	162	92
186	173	160	95
183	164	164	105
184	163	168	106
184	161	166	107
185	158	167	111
184	157	168	112
185	156	169	113
186	153	168	114
188	152	166	116
190	149	165	117
193	116	171	146
197	72	169	193
196	69	175	200
196	75	174	192
198	81	176	177
199	90	176	171
199	104	176	158
196	95	182	171
200	111	171	150
201	93	172	172
208	91	175	171
210	96	182	159
211	98	178	152
212	98	163	159
210	100	144	164
210	95	167	165
213	98	166	162
212	93	169	157
209	92	175	151
207	91	178	152
206	89	180	158
205	87	182	163
202	85	184	166
201	85	185	170
201	82	182	173
201	84	184	172
201	82	183	175
203	83	183	175
200	83	178	179
200	74	172	189
202	75	178	191
201	74	192	192
201	76	197	189
204	72	195	195
205	61	197	202
201	61	202	204
217	57	191	199
201	55	205	215
227	42	176	187
248	38	161	164
188	147	170	122
252	38	153	157
258	37	156	156
259	38	158	157
259	43	158	153
260	44	157	154
260	45	160	157
258	45	152	154
256	46	161	161
257	47	153	155
255	51	161	157
256	51	160	153
254	52	164	155
240	56	177	165
186	152	165	115
186	149	167	117
203	108	164	147
183	142	172	120
255	52	141	154
251	50	164	158
244	49	167	163
236	50	176	172
224	48	185	178
240	48	176	158
227	51	188	165
229	49	185	166
240	56	177	162
237	63	173	156
237	65	171	155
224	69	180	165
223	75	179	180
227	75	175	163
233	75	164	184
235	76	157	142
235	81	160	170
237	89	159	167
236	88	158	132
238	94	159	126
239	101	157	118
242	106	157	115
245	110	156	114
246	111	155	122
248	114	156	115
248	113	158	112
255	115	143	110
254	114	145	120
256	114	100	111
258	114	115	103
256	116	102	102
257	118	131	112
257	123	111	105
256	125	160	118
256	130	160	129
256	132	157	120
254	132	161	125
252	131	162	123
252	131	159	116
253	130	158	121
251	127	159	129
248	123	160	126
248	121	160	135
249	118	151	118
249	120	156	140
249	118	144	120
252	121	136	112
252	118	149	114
254	111	136	110
246	108	137	113
248	104	101	109
248	99	103	109
245	98	158	122
248	94	156	148
241	99	164	141
240	105	161	137
239	99	162	141
238	102	167	145
238	106	162	133
239	107	167	137
239	106	164	144
239	107	167	137
240	111	165	132
241	107	169	132
242	111	165	131
243	107	169	132
244	110	164	135
244	109	168	139
245	115	161	123
246	109	162	143
245	108	168	149
245	111	168	130
246	113	160	138
245	115	169	150
245	117	171	149
246	121	170	142
247	119	169	145
247	122	169	142
247	124	169	142
247	124	170	141
247	123	170	143
246	126	171	140
247	124	171	143
247	124	170	136
248	123	170	144
246	121	168	147
245	121	163	148
242	117	161	150
242	112	145	154
241	108	159	160
239	104	158	164
235	118	165	150
235	91	165	177
227	91	172	179
222	67	171	201
219	59	177	208
225	60	176	205
262	46	144	169
265	39	144	167
266	35	145	167
265	34	145	167
266	37	148	163
267	38	146	167
266	37	151	167
267	39	150	166
266	39	151	165
266	41	151	167
265	40	152	167
265	43	149	167
263	45	150	165
263	48	150	169
263	49	152	166
261	51	151	168
263	55	148	163
258	57	146	172
262	61	145	170
260	64	146	169
257	67	147	171
256	70	150	170
254	74	147	174
253	79	138	173
251	82	145	173
245	86	152	169
258	89	127	173
242	92	147	167
256	98	142	161
241	100	145	165
218	104	184	162
222	111	169	157
209	109	186	160
210	110	193	158
214	112	186	157
216	114	180	154
220	115	180	152
213	117	194	152
223	120	169	148
214	111	178	157
214	116	187	151
238	113	154	154
218	113	190	154
224	115	184	154
233	117	167	151
219	115	178	153
224	115	171	153
223	116	181	151
221	113	188	154
223	115	186	154
228	117	175	151
226	113	173	154
260	113	136	153
232	110	166	157
237	110	169	156
234	110	171	156
270	110	136	155
256	104	151	159
269	104	139	156
261	98	143	167
256	95	156	169
249	87	148	178
223	75	170	186
258	64	130	148
260	59	130	162
263	59	123	159
264	57	124	154
257	58	153	156
206	181	171	86
211	171	176	92
206	147	170	114
270	89	127	144
205	139	181	124
264	93	124	132
265	77	160	136
260	87	148	143
228	94	152	137
257	90	151	140
229	103	143	130
251	116	112	115
240	103	134	125
206	157	165	105
207	130	176	134
291	77	109	132
286	74	117	141
316	72	84	133
304	73	95	130
304	80	101	121
305	78	98	119
313	77	94	118
320	78	82	107
320	81	86	111
315	73	91	106
331	80	73	100
320	78	82	105
317	75	88	108
331	81	74	100
312	77	88	110
325	76	78	97
318	77	87	100
333	77	64	89
318	77	90	106
317	73	79	103
325	77	77	99
329	75	72	105
301	71	94	114
315	73	86	115
337	74	68	103
321	72	82	102
321	77	86	104
311	74	88	105
307	68	90	101
290	81	111	114
326	78	74	98
307	80	100	107
336	81	68	94
287	76	118	121
326	81	76	99
318	79	87	94
313	75	83	101
305	76	96	114
327	79	75	103
298	83	105	99
311	76	91	119
324	76	79	99
337	80	66	99
302	77	105	102
316	77	85	98
325	79	82	98
315	76	88	99
323	79	85	100
303	75	95	117
314	78	88	112
321	75	80	104
311	74	89	107
303	70	94	108
314	77	85	101
316	77	86	100
318	71	76	102
308	76	97	112
322	75	79	100
316	74	85	101
332	71	71	110
311	73	86	98
320	71	71	97
326	74	76	95
319	73	86	104
312	71	83	100
308	77	100	100
294	81	103	105
314	81	95	98
287	88	120	96
303	83	103	104
304	83	107	100
283	91	121	104
313	88	94	94
306	83	101	105
334	91	76	81
327	89	90	89
308	77	100	99
341	93	73	80
279	26	150	152
319	89	101	125
326	99	88	81
315	78	113	104
324	96	92	81
332	85	81	85
311	58	139	119
321	79	91	110
320	85	92	90
319	76	86	98
310	74	93	99
325	73	85	103
315	65	88	111
304	63	95	105
336	66	68	109
334	65	76	106
272	61	123	108
322	65	78	107
314	67	93	115
315	69	87	123
247	57	139	180
246	71	115	171
248	70	147	170
249	71	163	163
236	69	120	167
245	66	156	168
244	72	155	156
237	73	123	153
233	66	170	168
194	76	137	158
220	54	179	171
102	158	148	99
74	95	218	174
107	168	134	79
18	74	258	192
154	187	59	58
73	61	210	193
63	164	96	63
40	48	276	207
71	167	115	65
53	38	241	201
129	180	61	74
56	55	214	192
138	189	76	62
33	30	270	222
63	147	94	72
75	111	212	124
140	194	83	63
60	33	248	214
-7	139	118	95
32	54	264	216
303	69	106	120
289	57	109	131
286	71	108	121
280	48	112	143
290	72	99	125
203	36	181	166
277	72	109	136
255	57	126	151
256	78	123	137
277	112	124	103
194	45	176	173
275	86	102	135
193	46	168	176
240	77	140	148
274	94	100	131
189	48	177	161
261	115	115	114
261	86	109	132
189	54	179	153
274	117	102	104
259	80	116	140
267	113	105	106
252	74	121	147
196	43	179	177
288	98	76	115
274	87	105	131
274	71	106	151
270	96	108	127
193	48	179	176
