21	156	151	84
32	156	146	83
44	157	139	80
53	157	135	78
62	159	131	76
69	159	127	75
79	160	123	73
87	160	120	71
94	160	118	70
101	161	114	68
109	160	110	67
115	162	107	66
122	162	104	64
127	163	101	63
133	163	99	61
140	163	97	60
145	164	95	59
149	164	93	58
154	164	92	57
160	165	89	55
165	165	86	54
165	166	89	54
172	166	84	53
177	166	81	52
183	167	78	51
186	166	77	50
190	166	76	49
194	166	74	49
197	167	73	48
201	167	71	47
205	167	70	46
208	167	69	46
211	168	67	45
214	168	67	45
217	168	64	43
219	169	65	43
220	169	65	42
225	168	62	42
227	169	61	41
230	169	59	40
233	169	58	39
236	169	57	38
237	169	57	38
240	169	55	37
243	170	54	37
245	170	54	37
247	170	53	36
250	171	52	36
251	171	51	35
254	171	50	35
255	171	50	34
258	172	48	34
260	172	48	34
261	171	47	33
263	172	46	33
265	172	46	32
267	173	45	31
268	172	45	31
270	172	44	31
272	172	43	30
273	173	43	30
275	173	43	30
275	173	43	30
277	172	42	29
279	172	41	29
280	173	40	29
281	173	40	29
283	173	39	28
285	173	39	28
285	173	39	28
286	173	38	27
285	173	41	28
287	173	40	27
291	173	37	27
292	173	36	27
293	173	35	27
292	174	36	27
288	173	41	28
284	172	46	29
279	171	53	31
204	170	66	45
207	169	64	43
210	170	63	42
213	170	62	42
216	170	61	42
218	170	61	41
222	170	59	40
224	170	58	40
227	170	57	40
229	171	57	39
232	171	56	38
235	171	55	38
237	171	55	37
239	172	54	37
240	172	54	36
243	172	52	36
245	173	52	35
246	172	51	35
249	173	50	35
251	172	49	35
252	172	49	34
255	173	48	34
257	173	47	33
259	173	47	33
261	174	46	32
262	173	45	32
265	173	45	32
265	173	45	32
267	174	44	31
268	173	44	31
271	174	43	31
271	174	43	30
273	174	42	30
274	174	42	30
275	174	42	30
277	174	41	30
278	174	41	29
279	174	40	29
281	175	40	29
282	175	39	28
284	175	39	28
285	175	38	28
286	174	38	27
286	175	38	27
288	175	38	27
289	175	37	27
290	175	37	27
292	175	36	27
292	174	36	27
294	175	36	27
294	175	35	26
295	175	35	26
297	175	35	25
298	175	34	25
298	176	34	25
299	175	34	25
300	175	34	25
301	175	33	25
302	175	33	24
303	175	33	24
303	175	33	24
304	176	32	24
305	176	32	24
306	175	32	24
306	176	31	23
307	176	31	23
308	175	31	23
308	176	31	23
309	176	31	23
310	177	30	22
311	176	30	23
311	177	30	22
312	176	30	22
313	176	30	22
314	176	29	22
315	176	29	22
315	176	29	22
315	176	29	21
316	176	29	22
317	176	29	21
317	176	28	21
318	176	28	22
318	176	28	21
320	176	28	21
320	177	27	21
321	176	27	20
321	177	27	20
321	177	28	20
322	177	27	20
322	177	27	20
323	178	27	20
323	177	26	19
324	178	26	19
324	177	26	19
325	178	26	19
325	178	26	19
326	178	26	19
326	178	26	18
326	178	26	18
326	178	26	18
328	178	25	18
329	178	25	18
329	178	25	18
329	178	25	18
330	178	25	18
330	178	24	18
331	178	25	18
331	178	24	17
331	178	24	17
332	178	24	18
332	178	24	17
333	178	24	18
333	177	24	18
333	178	24	18
334	178	24	17
334	178	24	17
334	178	23	17
335	178	23	17
335	177	23	17
336	178	23	17
337	178	23	17
336	178	23	16
337	179	22	16
337	177	22	16
338	178	23	17
338	178	22	17
338	179	22	17
339	178	21	16
339	178	22	16
339	178	22	16
340	178	22	16
339	178	21	16
340	178	21	16
340	178	21	16
341	178	22	15
341	178	21	16
341	179	21	16
341	179	21	15
342	179	21	16
343	179	20	15
343	178	21	16
342	178	21	16
343	179	21	15
343	179	21	15
343	178	20	15
344	178	20	15
345	178	20	15
345	178	20	15
345	178	20	15
345	179	20	15
345	179	20	15
346	178	20	15
346	178	20	14
346	178	22	15
346	178	20	15
346	178	20	15
346	178	20	15
347	178	20	15
346	179	22	15
347	178	21	15
347	178	22	15
347	177	26	15
347	178	26	15
347	178	22	14
348	179	20	15
349	179	20	14
349	179	19	14
349	180	19	13
350	180	18	13
349	180	18	13
350	179	18	13
350	179	19	13
350	179	18	13
351	179	18	13
352	180	19	13
351	179	18	13
352	180	18	13
352	179	18	13
352	179	18	13
353	179	17	13
353	179	18	13
352	179	23	14
350	178	27	16
347	175	33	20
333	171	49	29
341	176	52	30
329	173	57	34
310	167	80	51
293	173	57	33
278	158	97	55
337	165	63	42
351	174	46	29
336	169	72	47
352	174	37	22
347	173	46	31
353	175	36	23
342	169	53	38
322	167	90	65
331	166	83	64
332	165	77	45
339	173	61	39
344	173	56	37
345	175	58	34
348	175	49	29
337	171	70	45
341	172	56	37
310	166	109	71
143	175	75	73
139	179	87	67
149	177	86	69
159	171	80	75
168	178	77	69
176	172	77	74
187	179	70	68
194	175	65	71
201	176	63	71
209	178	58	69
216	177	55	70
221	181	54	66
227	179	51	68
231	181	49	66
236	182	48	65
241	183	47	63
247	183	46	63
252	182	44	64
254	180	43	66
259	182	41	64
261	183	40	63
265	180	40	63
269	181	38	61
271	182	37	58
275	183	37	57
276	180	38	59
279	181	36	56
282	180	35	56
285	183	33	52
287	182	33	52
289	180	32	53
292	183	31	48
293	182	32	49
296	182	31	49
297	181	33	48
298	183	32	47
300	182	31	46
303	183	29	44
305	182	28	44
306	183	27	43
307	182	28	42
309	181	28	43
311	177	29	46
313	181	26	41
314	178	26	44
316	183	24	39
317	181	25	39
318	179	24	41
319	180	24	40
321	179	23	40
322	182	22	37
323	173	24	45
324	180	23	38
326	183	22	35
326	171	23	46
327	181	22	35
328	181	21	35
329	181	20	35
329	180	21	35
330	179	20	35
331	177	21	38
332	181	20	34
332	180	20	34
333	177	20	37
335	179	19	34
335	180	19	32
337	180	19	33
337	181	18	31
338	180	18	32
338	175	19	37
339	179	17	32
340	180	17	30
340	181	17	30
341	181	17	29
341	181	17	29
342	180	17	29
343	181	17	29
344	182	16	28
344	183	15	27
346	181	15	27
346	181	15	27
346	181	15	28
347	181	15	26
348	181	15	27
348	176	15	31
348	178	15	30
349	178	15	29
349	179	14	28
350	179	14	28
351	179	14	27
351	179	14	27
352	180	14	26
352	181	13	25
353	182	14	24
353	181	13	25
353	182	13	24
354	181	13	23
355	180	13	24
