97	159	10	40
97	160	10	37
98	160	10	39
98	160	11	36
100	160	10	37
100	161	10	37
101	160	10	37
102	161	11	37
103	160	11	37
105	161	11	37
105	160	11	38
106	160	10	36
106	161	11	37
108	160	11	38
108	160	11	40
108	160	13	41
108	160	13	41
109	160	13	39
110	161	13	39
111	161	11	37
112	163	11	34
112	163	11	35
113	164	11	35
115	164	11	36
115	164	11	34
116	164	11	34
118	164	10	34
118	164	12	34
119	163	12	40
119	163	12	38
120	164	12	40
120	163	13	40
121	164	14	40
121	164	15	39
121	165	15	39
123	164	16	40
124	164	14	37
126	163	13	37
128	163	12	38
129	163	12	37
129	164	12	36
129	162	13	39
131	163	12	41
131	162	12	40
132	163	12	39
132	163	13	40
132	163	13	39
133	163	13	41
133	164	13	41
133	163	13	40
133	164	13	40
134	163	12	40
134	164	12	40
134	164	12	40
134	163	12	39
134	163	12	41
135	163	12	40
134	163	12	41
134	163	12	41
134	164	13	41
135	163	12	39
135	163	12	40
135	163	13	41
135	164	12	40
135	163	12	40
135	163	12	40
136	162	12	41
136	163	12	41
136	164	12	41
136	163	12	41
137	163	12	41
137	162	12	41
137	163	12	42
138	164	13	41
138	164	13	40
138	163	14	41
139	164	14	40
139	163	14	40
140	164	13	40
141	164	14	41
142	163	14	40
143	163	13	38
143	163	12	37
144	163	12	39
144	163	13	40
145	162	13	41
146	163	12	41
145	163	13	41
147	164	12	37
148	162	12	39
147	163	12	40
148	163	12	41
147	164	13	41
148	163	12	39
147	163	13	40
147	163	13	39
148	164	13	40
148	164	13	40
148	164	13	40
148	163	13	41
148	163	13	38
147	163	12	41
148	163	13	41
148	163	13	40
148	163	13	41
148	163	13	41
148	163	13	41
148	162	13	41
148	163	13	41
148	163	13	41
148	163	13	41
149	164	13	40
149	164	13	40
149	164	13	40
149	163	13	40
150	163	13	40
151	163	13	39
151	164	12	39
152	164	13	41
152	163	13	41
155	163	11	36
154	162	11	40
156	163	11	40
157	163	11	41
156	163	12	42
157	163	12	42
158	163	11	38
159	163	12	42
159	163	14	40
160	164	15	40
161	163	15	40
161	164	16	41
161	165	15	39
162	164	15	40
163	164	15	40
165	163	12	38
167	164	11	39
168	162	11	41
171	162	10	41
171	162	10	41
172	162	10	41
173	162	10	41
174	163	11	41
174	163	13	41
174	163	14	41
176	163	15	41
175	162	15	39
177	163	15	39
178	163	15	40
179	162	14	41
181	162	13	41
182	162	13	41
182	162	14	42
183	162	14	42
185	162	15	42
186	163	15	41
187	163	15	40
188	163	16	40
188	163	17	40
190	163	16	40
191	164	16	40
193	163	15	39
195	164	14	40
196	163	13	41
199	161	13	41
199	162	13	41
201	161	13	41
202	162	14	39
203	162	14	40
204	162	15	40
204	163	15	40
204	162	16	40
206	163	16	40
206	162	16	40
207	162	16	39
209	162	16	37
211	162	15	37
212	162	15	36
213	163	15	35
214	163	15	36
216	163	14	33
218	163	14	36
219	162	14	37
221	163	14	36
222	163	14	36
223	163	14	37
224	161	13	38
225	162	13	38
226	162	14	38
228	162	13	38
230	163	13	37
231	162	13	37
232	162	13	37
233	162	14	37
234	162	15	37
236	163	15	37
237	163	15	38
237	162	14	38
239	162	13	38
241	162	13	38
241	161	14	41
243	161	13	39
244	161	14	39
245	161	14	40
246	162	15	40
247	162	16	39
248	162	17	40
248	162	17	40
251	162	16	39
251	162	16	40
253	162	15	39
253	162	15	40
256	161	14	40
258	161	13	41
259	161	13	41
259	160	14	41
261	161	13	40
262	162	14	40
264	161	15	40
264	162	17	40
265	163	17	39
266	163	17	39
267	163	17	39
268	162	17	39
270	162	16	40
272	162	13	40
273	162	14	39
274	162	15	40
274	162	16	41
276	161	15	42
278	161	14	42
279	162	15	40
279	162	16	39
281	163	16	39
282	163	16	38
282	162	16	38
283	162	16	38
286	162	15	39
286	161	15	39
288	161	15	38
288	161	15	39
290	161	15	39
291	162	14	38
293	162	14	39
294	162	15	38
294	162	16	37
295	163	16	36
295	163	16	37
296	163	18	37
298	162	16	37
299	161	16	38
302	161	13	38
303	161	13	38
304	161	13	37
305	162	14	38
307	162	13	38
307	161	13	37
309	162	13	37
309	162	14	36
310	163	14	36
310	162	14	36
311	162	15	36
312	161	14	32
314	162	13	30
278	142	61	58
227	98	160	120
271	169	48	55
213	114	128	94
121	158	37	39
172	165	18	32
173	166	17	30
174	165	17	30
174	165	17	30
175	167	16	28
174	166	17	30
173	165	18	30
174	166	18	30
172	166	18	31
174	166	17	29
174	165	17	30
174	167	17	29
174	166	16	29
173	166	19	32
173	165	18	31
174	166	17	29
175	167	16	29
176	165	15	29
175	166	16	29
174	166	17	32
175	167	16	27
174	166	17	29
175	166	16	29
175	166	16	30
175	165	16	29
174	165	17	30
175	166	16	28
174	166	17	31
175	166	16	30
174	166	17	31
173	166	17	30
174	165	17	29
172	164	18	31
175	168	16	25
175	166	15	30
175	165	16	30
173	165	18	31
174	167	17	27
175	165	16	30
175	165	16	31
175	165	15	30
176	166	16	31
175	167	15	28
175	166	16	31
174	165	17	31
175	165	16	31
175	166	15	30
175	166	16	31
175	165	16	30
175	166	15	30
175	165	16	30
175	166	16	29
176	165	16	32
175	164	16	30
176	167	14	27
173	165	18	31
174	165	17	30
173	165	17	31
173	165	18	30
175	167	16	26
175	165	16	31
173	164	18	30
175	167	17	27
174	165	17	31
175	165	16	30
175	165	16	31
174	166	16	31
175	165	16	29
176	168	16	27
176	166	16	30
174	166	17	30
174	166	16	29
174	166	18	30
174	166	17	29
175	166	16	29
175	168	16	27
175	166	15	30
174	166	17	30
174	166	17	29
175	166	16	29
175	167	16	28
175	165	16	29
174	165	17	30
172	165	18	31
173	167	18	29
175	166	16	29
175	167	16	29
175	166	16	28
175	166	17	31
173	166	18	30
173	166	17	30
174	165	17	29
175	168	17	26
175	165	16	32
