209	87	84	146
201	89	85	149
184	96	93	148
181	98	103	148
173	101	97	152
163	103	109	154
158	110	102	156
151	116	114	152
147	117	119	150
148	119	115	149
142	119	122	149
140	117	122	152
142	118	117	150
141	120	116	148
142	117	126	151
148	116	129	152
151	109	136	160
158	112	142	156
165	109	136	145
170	113	133	146
175	110	129	157
178	110	131	159
180	106	134	164
185	115	120	153
183	123	129	146
186	122	121	147
186	120	113	150
183	117	108	153
179	117	111	152
173	113	149	154
171	112	130	156
162	109	140	159
156	108	170	161
151	102	169	161
146	98	172	168
145	97	172	170
144	98	174	171
143	99	177	169
143	101	186	167
144	105	193	163
147	108	183	161
149	104	173	165
147	101	170	169
145	99	167	170
140	97	168	171
152	94	156	176
138	93	166	176
146	95	160	174
131	96	174	172
132	98	168	171
124	102	184	166
132	102	188	165
139	105	182	165
142	101	178	168
141	104	181	165
138	99	182	170
140	96	185	173
143	95	182	174
143	94	181	174
143	94	181	176
142	94	183	175
142	95	184	174
140	97	190	171
140	98	190	171
141	99	186	169
136	100	188	168
134	101	190	168
132	108	192	163
132	124	188	144
127	124	188	144
123	119	189	150
125	109	187	160
122	103	190	165
121	107	191	162
123	114	188	154
125	117	180	151
125	109	178	159
124	113	180	156
126	110	179	158
127	98	180	171
125	102	187	167
126	94	188	175
124	95	188	174
125	97	194	172
125	94	195	175
124	95	192	174
123	97	192	173
123	97	195	172
123	97	193	173
123	96	196	174
122	94	194	173
121	97	192	171
120	97	192	172
121	102	193	166
121	96	191	172
121	96	190	171
121	99	189	168
121	92	189	175
123	92	191	175
121	97	189	172
124	87	189	182
120	97	196	171
123	90	197	178
121	97	191	171
124	94	195	175
123	94	193	176
128	94	191	174
126	85	192	182
125	96	194	175
130	99	192	168
127	96	197	172
128	101	196	167
128	97	192	170
130	102	192	166
129	107	193	161
131	110	191	159
132	111	189	157
133	113	185	157
135	113	184	156
136	117	186	153
137	115	191	154
139	115	191	154
142	114	192	155
144	112	189	157
146	113	191	154
148	114	191	155
148	112	192	157
149	114	193	155
149	116	194	153
150	116	194	153
149	114	195	155
151	117	194	152
150	120	194	149
150	117	195	151
149	115	193	153
150	117	193	152
149	116	196	152
147	116	191	153
146	115	192	153
144	113	189	156
143	114	187	154
143	114	188	155
141	109	187	158
140	107	187	160
138	113	189	156
137	107	191	161
134	108	188	160
133	102	192	166
130	101	196	167
128	92	197	175
124	98	198	171
125	85	198	183
122	93	196	177
121	91	194	177
118	92	194	178
117	87	192	182
115	95	194	174
115	87	193	182
111	89	196	180
111	86	196	181
109	82	196	185
110	79	194	189
110	82	194	188
107	77	196	192
108	68	194	202
108	78	198	190
106	76	195	193
108	65	194	204
106	74	197	194
106	72	196	197
107	74	194	195
105	74	194	194
106	80	193	189
107	74	193	195
107	78	193	191
107	76	194	193
106	75	194	195
107	80	194	190
108	79	195	190
108	71	193	199
107	79	195	190
109	75	191	194
111	81	193	188
112	75	193	194
112	81	194	188
112	89	193	181
114	83	194	187
114	81	193	188
113	90	193	179
114	86	193	183
112	84	193	184
113	84	192	183
111	90	194	180
111	90	193	179
110	85	192	183
115	72	185	186
107	75	190	191
128	66	168	182
117	59	174	191
130	50	163	204
132	38	158	179
124	24	166	177
131	14	160	176
133	7	157	174
133	3	160	162
131	0	158	165
131	1	157	170
134	1	156	168
130	7	157	166
130	1	157	173
131	1	157	176
131	4	155	176
131	2	156	180
130	4	156	180
130	3	156	180
130	7	157	177
130	3	155	182
129	11	159	175
128	11	159	179
130	8	158	181
124	29	162	160
126	24	161	164
121	20	165	169
115	33	173	160
115	36	170	154
99	47	189	215
96	52	190	217
93	56	191	212
97	59	187	209
96	63	186	206
101	68	183	201
98	70	186	199
99	85	188	183
103	89	183	181
104	94	181	174
104	96	183	172
104	96	181	173
103	95	182	174
106	98	178	171
112	99	179	168
114	99	185	167
116	102	184	159
116	100	186	167
117	102	186	165
116	97	184	169
116	100	184	168
115	94	182	166
113	97	184	158
113	96	181	159
113	94	181	165
113	91	181	167
111	89	183	172
110	88	185	173
107	90	188	173
107	87	186	176
104	87	190	179
108	88	188	178
106	86	191	180
107	79	193	186
108	82	192	187
107	78	197	190
109	75	202	193
106	75	202	193
105	73	207	195
102	64	214	204
101	62	217	205
100	52	219	215
96	51	225	217
98	50	225	219
104	46	223	218
107	47	225	217
110	45	223	214
117	50	218	200
128	47	202	187
141	51	180	175
155	50	165	164
160	50	165	162
149	52	178	173
155	52	170	164
145	59	183	170
134	53	192	175
139	56	182	174
128	60	188	184
121	54	198	191
109	63	210	198
99	55	228	208
106	62	217	199
101	59	224	206
103	54	221	210
113	56	213	206
119	55	211	195
103	53	224	209
96	58	230	203
93	62	233	197
100	63	224	199
103	65	218	184
106	69	215	186
112	69	211	176
111	71	207	178
99	78	216	171
103	75	208	192
116	73	196	194
116	77	190	190
119	77	193	184
118	79	190	177
124	81	185	179
123	95	192	155
127	106	192	130
130	109	188	135
127	105	188	152
125	113	190	155
133	107	181	158
124	102	145	168
137	106	180	163
117	95	149	176
126	106	156	165
137	104	167	166
138	95	184	171
133	95	179	169
132	100	147	164
138	95	172	170
128	86	137	181
137	83	132	185
140	84	180	184
113	78	131	193
137	103	171	163
128	91	117	181
129	97	137	172
138	105	176	161
125	93	147	169
131	77	147	183
131	98	168	149
129	85	132	176
140	107	181	158
113	91	167	179
133	110	189	157
121	94	153	165
128	77	188	183
131	85	188	178
107	80	185	184
121	84	180	174
121	91	192	170
125	92	186	173
123	91	200	172
121	92	197	163
125	97	191	162
124	92	191	166
121	103	194	155
128	104	191	154
126	102	197	150
115	106	215	159
123	105	213	158
126	103	203	157
129	108	197	154
126	103	198	159
126	103	195	162
123	101	202	166
127	101	198	166
124	107	202	161
133	102	197	165
130	113	201	155
124	106	217	163
130	117	212	153
119	113	206	156
125	100	210	168
118	84	209	182
124	108	205	159
124	102	214	167
108	81	191	189
119	73	191	197
125	89	207	182
120	94	203	174
127	107	207	162
131	98	196	171
121	75	178	195
115	86	200	183
126	83	193	185
125	96	191	172
109	89	209	180
120	83	198	185
114	76	205	193
123	65	194	204
112	56	207	212
103	50	221	217
99	49	219	218
97	43	223	222
99	41	223	217
99	41	226	228
95	39	232	223
99	41	225	220
97	42	230	225
95	43	231	219
97	45	230	214
99	47	229	220
95	47	232	219
95	49	232	218
96	51	227	212
97	53	225	217
97	53	226	215
97	55	224	214
98	56	223	213
100	58	223	211
103	60	217	207
110	64	210	203
109	66	208	200
107	68	209	200
105	70	211	198
110	71	204	197
111	68	205	198
117	77	196	190
110	57	200	214
105	67	210	204
105	71	210	199
104	62	202	205
105	77	211	195
106	71	198	198
107	82	206	190
111	60	193	207
107	63	208	210
108	56	206	214
105	74	210	197
110	79	205	190
114	65	197	202
108	66	208	205
110	68	207	203
107	67	208	202
109	62	202	206
109	66	210	204
108	72	209	201
110	76	213	193
116	81	206	189
113	69	196	201
111	62	189	199
111	93	212	178
115	67	183	201
111	77	208	192
115	58	187	206
106	69	213	204
108	67	205	204
109	65	175	202
99	61	192	210
106	71	214	204
107	67	198	203
101	60	192	210
109	70	213	202
104	63	193	203
105	71	208	195
99	58	203	210
104	59	210	211
101	55	210	214
99	56	201	210
90	57	233	205
96	55	186	210
93	56	197	216
100	54	186	216
97	50	222	220
100	51	209	216
98	51	219	220
98	75	182	191
98	57	198	215
95	60	200	213
94	55	210	217
103	56	207	215
89	78	184	194
87	73	211	200
86	75	218	197
98	74	265	198
101	62	162	207
101	57	192	218
93	63	185	213
302	14	121	167
207	74	108	120
183	74	148	168
139	41	187	226
138	49	194	222
144	69	196	207
138	15	230	231
138	13	227	233
234	3	160	181
125	41	202	210
135	10	210	257
139	61	208	216
237	3	240	232
124	30	216	236
128	9	224	255
135	58	201	217
133	28	213	239
215	10	173	163
243	7	139	140
218	2	160	169
121	52	163	218
117	58	180	210
118	10	212	221
143	11	192	254
130	21	232	231
230	4	158	179
123	45	173	193
115	53	181	185
118	51	148	173
115	55	163	190
114	38	187	220
119	39	191	223
132	27	204	242
136	32	191	234
140	25	194	239
120	21	196	230
117	31	221	234
166	14	179	232
121	22	175	239
124	40	184	228
139	22	201	246
138	64	179	211
116	42	182	215
119	21	213	241
118	41	158	225
111	36	212	231
133	41	194	231
128	44	212	226
136	33	197	233
139	18	185	249
133	22	196	237
120	31	189	195
128	31	194	236
130	17	216	246
242	3	163	178
115	59	159	211
112	23	196	201
117	21	243	225
112	48	208	223
107	22	250	246
95	18	257	249
107	35	239	237
56	35	205	235
97	53	143	185
101	48	147	133
242	208	67	63
242	211	67	59
242	206	66	64
244	210	67	61
230	192	83	78
216	200	91	71
242	211	71	59
285	238	126	36
284	226	196	46
245	171	234	96
237	207	73	63
241	212	70	58
269	242	104	30
283	247	76	26
293	252	55	20
290	254	48	16
283	254	48	16
281	254	44	16
274	255	46	16
269	254	42	17
262	254	43	17
253	253	54	17
244	253	59	19
241	251	54	20
214	249	91	26
241	249	53	24
235	246	61	28
232	245	43	27
228	245	43	28
224	244	46	29
221	241	55	33
214	242	56	32
213	240	49	33
207	239	55	34
201	238	63	36
203	234	54	38
198	232	46	40
188	231	49	41
185	230	46	42
180	227	48	45
166	227	58	47
154	226	58	48
141	216	64	58
129	228	71	45
132	228	53	46
120	226	71	51
120	209	64	64
109	215	87	56
122	208	101	68
233	77	96	106
244	76	86	109
237	93	178	125
266	77	154	140
180	13	206	165
186	41	216	150
164	37	236	168
125	35	267	194
135	34	251	184
167	35	226	193
203	53	200	179
173	39	213	181
192	27	199	179
156	42	249	187
171	24	204	212
116	104	230	159
170	9	203	236
136	26	249	232
207	163	213	111
159	134	210	141
185	172	191	93
206	177	187	92
173	175	192	97
170	178	205	93
175	170	192	103
154	120	227	141
148	13	190	234
177	33	166	181
188	15	171	210
206	47	141	163
216	37	185	166
210	35	192	145
203	43	210	135
219	33	127	138
212	41	173	131
226	18	152	161
189	11	179	209
189	4	177	188
221	27	154	153
127	4	227	248
211	25	183	152
